EXCHQ
2.598
2.6
2.446
2.365
2.418
2.532
2.481
2.382
2.281
2.399
2.351
2.33
2.391
2.325
2.13
2.043
1.997
1.805
1.766
1.651
1.714
1.719
1.735
1.813
1.928
1.835
1.932
1.984
2.016
2.081
2.234
2.157
2.254
2.286
2.382
2.387
2.309
2.077
1.839
1.883
1.845
1.779
1.725
1.649
1.53
1.555
1.509
1.471
1.435
1.396
1.299
1.218
1.116
1.258
1.376
1.436
1.439
1.509
1.489
1.43
1.543
1.641
1.618
1.753
1.797
1.839
1.695
1.791
1.748
1.626
1.597
1.585
1.656
1.676
1.862
1.946
1.91
1.709
1.685
1.773
1.771
1.809
1.904
1.581
1.477
1.534
1.505
1.491
1.489
1.505
1.552
1.585
1.583
1.596
1.574
1.561
1.531
1.524
1.555
1.636
