EXCHD
2.3
2.27140191129
2.26940894953
2.21310968313
2.22257593196
2.23104573036
2.23004934479
2.24051204875
2.22905300298
2.18620580668
2.16926615499
2.17175727272
2.1807252892
2.16378569227
2.17524482829
2.1802270722
2.18969333192
2.19866136108
2.20015603519
2.21061872616
2.25396420072
2.27389314181
2.26841262544
2.25695351779
2.24549436243
2.22955118511
2.23004941169
2.22755827789
2.23254051838
2.25695347265
2.25944458207
2.27040550689
2.27190017523
2.27439129266
2.27389302811
2.27837703544
2.28664754991
2.30428467702
2.28335920211
2.3057792597
2.29880424194
2.29551585789
2.27588592216
2.27040537066
2.31175792807
2.32321706928
2.31474722829
2.31474722829
2.3132526158
2.31923129621
2.34015669999
2.33866205139
2.33069054039
2.31773680145
2.32521015205
2.3361710668
2.34812844139
2.34364451534
2.35859122664
2.35759469657
2.37403607735
2.38250587618
2.38649166032
2.38948101287
2.39097569431
2.38250587618
2.38748810923
2.38150945857
2.3859934606
2.37602894327
2.34613544483
2.35061945886
2.34862650877
2.3590892014
2.36158032208
2.37802169856
2.3755305997
2.39496132603
2.39346661829
2.39595774136
2.40542398927
2.41638490637
2.42435648687
2.40940980407
2.41040625283
2.41140270375
2.42435651112
2.40392936253
2.42535298091
2.42186540788
2.4188760084
2.42086889424
2.41289729596
2.40741684216
2.40592205981
2.40442748426
2.39994356606
2.40642047413
2.40542394116
2.40472646936
2.39396494204
2.38370157462
2.38449872234
2.38449872234
2.38798628672
2.38948096508
2.39107528053
2.39844898679
2.39894722037
2.3959578372
2.39346661829
2.385993222
2.3899790087
2.3864914694
2.38300401493
2.38051293396
2.37911788621
2.38300403876
2.37832080115
2.37353781947
2.34962300747
2.34962300747
2.3705484051
2.37602887198
2.3780217699
2.3780217699
2.38948091729
2.38948091729
2.38001467334
2.37852001765
2.38150936331
2.38051291016
2.38001472094
2.37702539733
2.37652722501
2.3780218888
2.3780218888
2.38200767482
2.38300413408
2.38380128694
2.38200767482
2.38131008694
2.38449872234
2.38260546701
2.38350225782
2.38529587425
2.37652722501
2.37154507458
2.37423548102
2.37553086101
2.37533156233
2.37602908583
2.37294011924
2.35819275273
2.36407180379
2.36008603277
2.35360918393
2.34763038573
2.33766594678
2.33268361975
2.31574412676
2.31275481114
2.3177370564
2.30627784613
2.30727430417
2.30677598674
2.30617814789
2.30976535843
2.30926719577
2.30328840455
2.30528128821
2.30677596368
2.30229203329
2.30328847364
2.30279032622
2.31076191373
2.30926733432
2.30757341553
2.30627807675
2.30528151874
2.30926731123
2.30777254463
2.30777254463
2.30528149569
2.30607866151
2.30827084651
2.30827084651
2.31325307845
2.32122465035
2.3242139897
2.3286979996
2.3255094026
2.31973003094
2.32341689777
2.32819985124
2.32620706703
2.33128895207
2.31723905139
2.32521064035
2.32521064035
2.32321785917
2.32521075661
2.32570898639
2.32451318178
2.32202217442
2.32152392192
2.32570900964
2.32421429185
2.32371603372
2.32441355528
2.32590823841
2.32570891661
2.32600785919
2.32919648746
2.33567339857
2.34065562777
2.33866270622
2.3389616298
2.33069121629
2.32072673144
2.31424981942
2.29581564888
2.30627835351
2.31026413681
2.31803643465
2.31624273699
2.31175866783
2.3127551118
2.31674089855
2.3140504091
2.31544543819
2.31524608692
2.31574431202
2.31773721864
2.3149471848
2.31674078271
2.31654155157
2.32052734316
2.32222129635
2.32819999093
2.31554512026
2.30876934834
2.30129597798
2.30528177232
2.31973026292
2.32620718335
2.32770185599
2.32620725313
2.31773740406
2.31823563208
2.32022852489
2.33318235416
2.33666991594
2.34165216333
2.32820022375
2.33617181437
2.34165228041
2.34563806992
2.34095475927
2.34165228041
2.34513983895
2.34543876953
2.34115405323
2.34015763605
2.34464164347
2.34434272071
2.34633562565
2.35510436524
2.38250668623
2.37353869768
2.3760298224
2.39047832747
2.38499775475
2.36158117225
2.36835701691
2.37104743435
2.37702611044
2.35809354565
2.35938891913
2.35809349849
2.36357395905
2.37204376807
2.37602956103
2.37802245952
2.37951713569
2.37852080256
2.38449948537
2.38469876632
2.38808667978
2.39037850318
2.39386607333
2.41240000082
2.41588756889
2.41708329419
2.41698371241
2.42086986259
2.42405850329
2.41987334721
2.42136800781
2.42007268039
2.40841432118
2.39546046402
2.40891250503
2.40941071965
2.40393025199
2.40761709942
2.41060644538
2.43332545774
2.41837885953
2.41190193989
2.41289838176
2.40941088831
2.40612260177
2.40492681547
2.39197305869
2.39765280991
2.40094109386
2.3929695469
2.385994415
2.37503359568
2.37154604691
2.37802295891
2.35659941235
2.3551046243
2.34663491984
2.35311182472
2.3556029465
2.35859228801
2.36556743391
2.35809413517
2.34364573403
2.35560311139
2.35211563398
2.33756757987
2.33716905857
2.34215129284
2.34663531877
2.33916194705
2.332685136
2.33039323316
2.33168861588
2.33009428619
2.33268504269
2.31674198742
2.2925283304
2.29830773087
2.30099814052
2.29671330458
2.29681293816
2.29382351613
2.29860646133
2.30079865263
2.31175959253
2.31624361716
2.31724007098
2.31953191126
2.3127560369
2.3027915467
2.30727557317
2.31474894121
2.31225776104
2.30926832731
2.31773814574
2.30827195448
2.30627916071
2.29083429673
2.27140361484
2.27160289382
2.27090539168
2.26094101046
2.26293391296
2.26592325263
2.26293398084
2.26343219797
2.25197302719
2.24649254929
2.23702628586
2.22457065496
2.16578012828
2.19069133684
2.1956735873
2.18222145265
2.18441363428
2.17624286373
2.18820025137
2.19916117361
2.19218596369
2.19517531377
2.18321795149
2.183716175
2.16847052734
2.1725559747
2.16827114564
2.16488326955
2.17624277668
2.16996511836
2.16707534873
2.17295439282
2.17056285246
2.1668760303
2.16129593768
2.13997193173
2.14037051722
2.13239903396
2.13439192386
2.127117747
2.10748773869
2.09254094969
2.0945338506
2.09672602601
2.097523185
2.10051252176
2.10130967045
2.10021349308
2.10449821898
2.11516021824
2.10390041595
2.10300371435
2.09503207378
2.10001431828
2.10230615858
2.10300367229
2.10170820061
2.09901784598
2.1072883587
2.10409970684
2.10150884202
2.10300350405
2.10399995384
2.1028041698
2.10350168046
2.10001402428
2.09682547608
2.09234139358
2.07719540928
2.07041966395
2.07311007815
2.06743029545
2.03494610179
2.03524503697
2.03933046986
2.03753685219
2.02737317559
2.03554405679
2.02757243561
2.02657592597
2.02906704351
2.03614182099
2.03424847907
2.03514529206
2.03972895317
2.04570763809
2.0521845562
2.03972901436
2.04670414034
2.04570763809
2.04919520457
2.05318098998
2.0514869936
2.06264721353
2.06762946061
2.06444074266
2.06364360958
2.05915965053
2.06015609239
2.0661347742
2.07012057202
2.06613487751
2.06414201906
2.05766501681
2.05915969171
2.06334477436
2.06115260421
2.05716689584
2.0574658239
2.05467573628
2.04142305968
2.03275403873
2.02747290452
2.03076118944
2.03693916731
2.03723811007
2.03305303818
2.0311597248
2.0277717355
2.02288907133
2.01033389047
2.01332322573
2.01531611288
2.01501726366
2.02199240202
2.01900307616
2.01641233982
2.01651199338
2.01631277184
2.0156152483
2.01282515092
2.01003509664
2.01083225369
2.01481804875
2.0146187931
2.01402094297
2.01362240766
2.01451921295
2.01561530876
2.0158146025
2.01511704979
2.01601385546
2.0173092378
2.02528083103
2.02528083103
2.02727373537
2.02727373537
2.02328798392
2.02328798392
2.01780745365
2.01980035614
2.02029858114
2.02278970946
2.02528083103
2.02378611804
2.01681104411
2.01581458234
2.01631281216
2.01830571182
2.01930215304
2.02179326579
2.02179326579
2.02278970946
2.02278970946
2.0222915577
2.020796828
2.02378617875
2.020796828
2.01980041673
2.02079686841
2.01980045713
2.02229157793
2.01880391133
2.01780747383
2.01531641518
2.01531641518
2.01730931849
2.01681110462
2.01681110462
2.01780755454
2.02278979037
2.01880397189
2.01930219343
2.01830571182
2.01681110462
2.01681110462
2.01730933866
2.00684655691
1.9749601342
1.93560049745
1.93460411329
1.90590643238
1.92862544195
1.91965741981
1.91616988658
1.90670370634
1.91527315651
1.91716640066
1.91467532071
1.914177187
1.91866120342
1.92015588517
1.91915939091
1.91367901066
1.90969314663
1.90919497267
1.91019141236
1.8773085954
1.8633584036
1.86086726942
1.85488862335
1.86186377004
1.83695261832
1.83147217917
1.8364544125
1.84592067328
1.85040468337
1.84641895451
1.84193502478
1.83495996336
1.8220061294
1.81652559513
1.81253979422
1.81702380925
1.82549361226
1.83495987161
1.83396339208
1.8220060383
1.82100967352
1.81851859879
1.81702384559
1.81702384559
1.82350076891
1.82649011077
1.83246880774
1.82100970994
1.80930145249
1.79809133512
1.80456824357
1.80207713401
1.79958604407
1.77442577392
1.78812694568
1.77965722037
1.76570699326
1.76471053294
1.75225490024
1.74826903039
1.71862469137
1.70367787993
1.7106530239
1.75100919213
1.76371391184
1.76471035647
1.76471035647
1.76421207263
1.76570674606
1.7706889939
1.76919427828
1.76969250045
1.76819774191
1.76769953399
1.76620486921
1.76620486921
1.76570669309
1.76570669309
1.76819781264
1.77417650235
1.77866051781
1.78264631294
1.78663210665
1.79261079685
1.79659659207
1.7960982853
1.78264620598
1.77417636042
1.78214795471
1.78164973579
1.77517276917
1.77417628945
1.769692235
1.76819747668
1.77517260941
1.77816195801
1.77716557749
1.77567089927
1.77268159042
1.77567093479
1.78414074313
1.78015497111
1.77915854132
1.78214788342
1.78214788342
1.78812657018
1.78214779431
1.78264600989
1.78513712487
1.78364252004
1.78364252004
1.77915855911
1.77517273367
1.77517273367
1.78015497111
1.77716557749
1.77517271592
1.77517271592
1.77616916915
1.77517266266
1.76421175507
1.76570642823
1.7642116845
1.77118682226
1.76869563039
1.76769925116
1.76670272655
1.76670272655
1.76520802201
1.76470977411
1.75474534344
1.74577737391
1.74228983108
1.73381995872
1.72883771716
1.72933593624
1.72883778632
1.71688033102
1.71090159984
1.70990511887
1.7054211396
1.70043888083
1.67502950984
1.63193313244
1.66157746779
1.65510050145
1.66307208051
1.6655631974
1.65858814089
1.64613254238
1.65958458813
1.65659521865
1.6536059423
1.64712908331
1.64862375656
1.63417526652
1.64463797323
1.64912199647
1.64264512385
1.64115050437
1.64134980137
1.64264518955
1.58933527525
1.5843530647
1.57065191072
1.56442409044
1.58036725979
1.58136371089
1.58734240265
1.60099375438
1.62022521783
1.62221812053
1.61026075085
1.62321458193
1.62769859614
1.61823235226
1.62122170341
1.63567020706
1.63716487801
1.65410449696
1.65310803385
1.67403344831
1.64015418545
1.63915776654
1.64239621626
1.64015423465
1.64264535382
1.64264535382
1.64663114911
1.65709386258
1.65858853895
1.65709382944
1.6511150754
1.66556358048
1.66556358048
1.6650653184
1.66456703892
1.67552797227
1.67004742284
1.66207583298
1.65659538431
1.66506520185
1.67552790525
1.67453143013
1.68001189364
1.679513676
1.68449592195
1.68449592195
1.69944264757
1.69446040147
1.69565614638
1.70263129147
1.70591957059
1.69974153783
1.69994082721
1.70293018057
1.70243197609
1.70093738653
1.70542141247
1.70492316113
1.7076633993
1.70990540956
1.71284493528
1.70940711314
1.71040356045
1.71244628277
1.71334308589
1.71239638281
1.71090177093
1.70741423524
1.70890891068
1.70890891068
1.71015447542
1.70741426938
1.70890894486
1.70841069966
1.70990537536
1.71140004096
1.70990544375
1.70641789129
1.69097294932
1.6984463186
1.70093743756
1.69944280052
1.69844636955
1.69944281751
1.7014357151
1.70193393438
1.70193393438
1.70243216336
1.70771333211
1.70741433768
1.70890901321
1.70741437183
1.70811189059
1.71110123949
1.71140017787
1.71239662255
1.70940733537
1.71239667392
1.71339311624
1.71289493396
1.7133931505
1.71289496822
1.71110130793
1.71159953337
1.71010493296
1.7118985417
1.7118985417
1.7115996703
1.71259611125
1.71309434366
1.71438972693
1.71389142627
1.71339327044
1.71364238166
1.71379185207
1.71319401439
1.712596214
1.71339337325
1.71359266962
1.71184894871
1.71184894871
1.71344326799
1.71314429822
1.71344323372
1.71314426396
1.71244681363
1.71314433249
1.71314433249
1.71364255303
1.71314429822
1.71329375945
1.71349304424
1.71329377658
1.71379200631
1.71269587288
1.71199843389
1.71289524228
1.71319416858
1.71369238648
1.71299488429
1.71269599276
1.71259631676
1.71269595851
1.7124966123
1.70880981393
1.71169951082
1.71110171859
1.71055374048
1.71329398218
1.71110185548
1.71090252373
1.71130110778
1.7128954307
1.71339364739
1.71110180415
1.71169966488
1.71239717051
1.7122975119
1.71269609553
1.71329396505
1.71274596996
1.71369259212
1.71314446954
1.71344340506
1.71354304469
1.71344331939
1.71374225565
1.71364269012
1.71359282384
1.71409105483
1.71419069784
1.71488820677
1.71389180332
1.7136924893
1.71409107197
1.71399148617
1.71448971306
1.71389180332
1.71339364739
1.71349328413
1.71389187188
1.71448974735
1.71329396505
1.71359289239
1.71389182046
1.71399146903
1.71439005266
1.71339359599
1.71359289239
1.71379217769
1.71419074926
1.73083143779
1.73182788723
1.73083150702
1.73162866921
1.73152910343
1.73262519645
1.73352199269
1.73332264913
1.73132978127
1.73222658258
1.73302374608
1.73192760875
1.73172827536
1.73312331115
1.73411976211
1.73481727862
1.73342217937
1.73431898923
1.73431898923
1.73392048852
1.73481729597
1.73511623074
1.73581374882
1.73611268168
1.73671054556
1.73611269904
1.73571413333
1.73511628279
1.73511628279
1.73700952865
1.73681030508
1.73651142574
1.73700965024
1.73730858058
1.73780680787
1.73760749286
1.73661108699
1.73581399183
1.7355151104
1.7370097892
1.7370097892
1.7368105656
1.7378070164
1.73730885855
1.73830529972
1.73880351725
1.74139428042
1.74966481085
1.7497644571
1.75086055527
1.75345132761
1.7511594877
1.75404918107
1.75295306755
1.7560420527
1.75753672903
1.76172181171
1.76799943198
1.76620582296
1.76740156032
1.76421286652
1.75384973948
1.77068971989
1.77059003286
1.77039067565
1.77068961364
1.77088889827
1.83396410732
1.83695344495
1.82698901161
1.80357239678
1.79859006894
1.79659725681
1.82200669422
1.80257585577
1.81303856503
1.80955091808
1.80955091808
1.80955091808
1.81104559075
1.81303849251
1.81851896249
1.81104551831
1.81169320964
1.81303841998
1.8080561591
1.81204195792
1.81254017485
1.8083551459
1.810547332
1.81104555453
1.81403490395
1.82399938218
1.81552948589
1.82001350781
1.82051173189
1.82370036199
1.82499574027
1.83396377721
1.8389460212
1.83994246652
1.84367914942
1.86684657321
1.87382171447
1.87780750012
1.84841233427
1.85738037217
1.8882702775
1.90321700123
1.91019213824
1.876811137
1.87930226616
1.88129515698
1.92314601187
1.91069049596
1.91168695151
1.93211415974
1.91567266669
1.92583645018
1.92165134697
1.91716741676
1.91766563826
1.92663368033
1.92563729047
1.93510355711
1.94008580783
1.94556628333
1.94556628333
1.94058404703
1.94058404703
1.94307516163
1.94158054042
1.94257698217
1.93460531275
1.93211417906
1.92763012313
1.92663360327
1.92812826783
1.92862648341
1.93311049867
1.92912467339
1.92812815215
1.93510328619
1.93809263758
1.94755890142
1.93809269572
1.94108204537
1.94606429529
1.92314606957
1.92513896152
1.93460521602
1.93261224567
1.93460513863
1.93261216837
1.93012109203
1.93061932058
1.9271317217
1.92015659562
1.89574356268
1.90371515733
1.90849811007
1.90122402595
1.90471159408
1.90072578043
1.89823461251
1.89026305691
1.89125950699
1.86684644253
1.87631270339
1.87531627076
1.85488912417
1.85937314654
1.86136604868
1.86286072978
1.86784296968
1.86734469565
1.86784291365
1.86983580638
1.87133047705
1.8693376363
1.8613660673
1.84990699145
1.84492469868
1.83844786304
1.8374513268
1.8220063116
1.81951514715
1.81752223272
1.80855423868
1.80805605061
1.82649034822
1.82300271124
1.82001343501
1.81901706848
1.82200642092
1.82101005594
1.81154382358
1.80556510967
1.81802072019
1.8125402111
1.813536657
1.81423416849
1.80357216232
1.80705972473
1.81104551831
1.8005828408
1.80705976087
1.80407046795
1.80606336993
1.80705981508
1.80606331575
1.81004910173
1.8264905126
1.82001359881
1.8165259766
1.81403486767
1.81752243265
1.8165259766
1.81851887156
1.82031248778
1.8314727103
1.82748682431
1.82619141274
1.82399929098
1.82449751146
1.82848331378
1.83366484714
1.84293181809
1.83147267367
1.84243361197
1.84293183652
1.84093886266
1.84841222336
1.85040512747
1.853394482
1.86086784629
1.86784298836
1.86335901851
1.86086788351
1.8638572355
1.8827897621
1.87780753768
1.87880397886
1.87980042245
1.87581458973
1.87332347531
1.87681104316
1.88827020197
1.88727383592
1.90421346287
1.92065486409
1.91965849481
1.90520993182
1.90072597051
1.91816381661
1.92464074228
1.92015674924
1.92115320422
1.92314610803
1.91666911386
1.9231460311
1.92713181806
1.94207854202
1.94606433421
1.95702527388
1.97396490639
1.96698981791
1.96898271871
1.93311061466
1.93609996616
1.92165140462
1.92264784697
1.92015674924
1.92364432509
1.92015684525
1.93859114034
1.93410713865
1.93659826624
1.94257696274
1.93958769655
1.93560187172
1.93560187172
1.93061966809
1.92962314643
1.93610006297
1.93859117912
1.95005033085
1.95303966787
1.95353789323
1.95254145241
1.95553079491
1.97197220832
1.97396510379
1.96449882703
1.96848462909
1.96449874845
1.96350221463
1.96599333765
1.96948091467
1.96449872881
1.96649162282
1.97545966478
1.97496151667
1.97446329674
1.97346683919
1.97645617986
1.98542421758
1.99090468884
1.97944549595
1.98193661076
1.98891175612
1.98891175612
1.98741705419
1.99439220133
2.00037089914
2.00037089914
2.02229277108
2.06264894615
2.05567374967
2.09154591109
2.06763111471
2.01282651964
1.99165203551
1.97844911579
1.96997935487
1.96549527702
1.96798638996
1.96549531633
1.96101124778
1.96001471905
1.96499696921
1.9610110909
1.94506793199
1.92264780851
1.92812826783
1.93859098526
1.93958742501
1.9385909271
1.93211408245
1.93659811131
1.94207858086
1.94456970831
1.93759463115
1.93111763912
1.93809277325
1.94456968886
1.94456968886
1.94456968886
1.9560288538
1.97047736949
1.96599333765
1.96948091467
1.97047736949
1.97296848334
1.99837792289
2.00286195049
2.00385840179
1.99389382511
1.99887606068
2.02976597455
2.02179433735
2.03424994373
2.02777305355
2.01731026662
2.00933872004
2.01282629823
2.01830676134
2.01182993423
2.0003707191
1.99538840963
1.98891153734
1.98592226414
1.99538852935
1.99937432264
2.0028618904
1.9963849159
1.9914025768
1.98891149756
1.99289728682
1.98592222442
1.98791512356
1.98791512356
1.98990801278
1.98293290315
1.97396480769
1.97296840442
1.98268378311
1.98791514344
2.00684766068
1.99787968947
1.99489030314
1.99688319589
1.99638503568
1.99787970945
1.99688321586
1.99588682012
1.99588682012
1.99738150038
2.00037083913
2.00236374047
2.00485486767
2.01382291402
2.01531758406
2.01631404211
2.01631404211
2.01481929794
2.0153175236
2.01780864416
2.02727491119
2.03524650235
2.03126071658
2.03375183726
2.03225717241
2.02976613693
2.02876976639
2.02328935976
2.01631418325
2.02528222848
2.02428583228
2.02627873013
2.03026452599
2.04620771106
2.04620771106
2.0422219023
2.04820060274
2.05866330874
2.06015798773
2.05866326757
2.05965971638
2.06713308236
2.0790904677
2.08656383095
2.0945354215
2.07958878144
2.07361004819
2.07759584806
2.06563850691
2.07062075287
2.06015813194
2.06115458291
2.06015804954
2.03425041161
2.03574507669
2.04770245901
2.05716872672
2.06115452108
2.06065619417
2.06962423732
2.07062069075
2.06015807014
2.06015807014
2.04222196356
2.03574513776
2.03674159379
2.05567411969
2.05368128794
2.0486989496
2.04072744083
2.03624338627
2.03823627523
2.04969543319
2.04570958151
2.04371659982
2.04820062322
2.05069174524
2.0621508972
2.06713314438
2.0704214238
2.07311184029
2.06663500465
2.05816515191
2.05567401691
2.06145341015
2.0840727934
2.09652839793
2.08835741875
2.09901942024
2.09872054116
2.11595909587
2.1254253625
2.13240050531
2.13389518061
2.15133302779
2.14435790576
2.14834369952
2.16129753704
2.17225846353
2.18072827679
2.19517678453
2.21759687967
2.22208090831
2.21261462161
2.19418022494
2.2146074248
2.22457192297
2.2195895756
2.22108423974
2.2340380728
2.26293508968
2.26941201324
2.28585342081
2.26492793791
2.29332672776
2.31674326163
2.31325571556
2.32122729655
2.3037894473
2.30528412371
2.2400167263
2.26243682361
2.25994566946
2.2614403492
2.23104867534
2.21012335991
2.20763218782
2.22756117372
2.23951855718
2.22805946805
2.2240736969
2.22457192297
2.21410930489
2.21012351462
2.21410930489
2.20265004846
2.21062164418
2.2166003382
2.22556837611
2.24151156241
2.24549734894
2.2380239983
2.24450090609
2.2400168383
2.23104878689
2.23453636353
2.23951860197
2.24200972646
2.23752571298
2.23254337604
2.21460722548
2.19517652111
2.16079900482
2.1438594005
2.14635053207
2.13837901618
2.15332574028
2.15581685534
2.14933996704
2.15083464318
2.18072810234
2.1953758961
2.19467831649
2.18571035928
2.18321919592
2.17574575783
2.1797315629
2.17375292641
2.13389496722
2.14784525568
2.16229375731
2.15681324538
2.15232915342
2.14933970912
2.14535401975
2.1373823576
2.14485571189
2.14734684159
2.14186630248
2.10549596653
2.10350300567
2.10549590336
2.09702615188
2.08855642781
2.06115400579
2.06862737391
2.06464166381
2.05916113312
2.06165224692
2.06613626182
2.09852083641
2.07759532866
2.08457046687
2.10300476585
2.10250662303
2.10599418581
2.13588765328
2.15133259752
2.17425092503
2.1603006524
2.16627935481
2.16677756969
2.15482017142
2.15432203458
2.15332567568
2.16827240324
2.17524754734
2.19168894187
2.20514100111
2.18720495609
2.17126175597
2.18321913042
2.15930444349
2.16030089003
2.18172453012
2.18521209598
2.19716948209
2.19168911721
2.19069256363
2.19069256363
2.19667126449
2.19119082759
2.19517663087
2.19941154037
2.23204523956
2.22656471896
2.21211619781
2.2340380728
2.23204508332
2.22955394976
2.25396695056
2.25396695056
2.25845096132
2.25147591398
2.2494831145
2.26791741698
2.26941208132
2.25994573726
2.26891377314
2.27738358351
2.27588897185
2.26741911955
2.2709066861
2.27040850383
2.25595993222
2.24051505104
2.24898486419
2.25695645183
2.25845111941
2.26592447622
2.27738362906
2.28236588298
2.30428776476
2.29183208067
2.29033737704
2.29631607644
2.28884273271
2.30030189481
2.30478591344
2.28734805733
2.28834450588
2.26393156619
2.27140493226
2.27987474017
2.26941208132
2.26891377314
2.26841557438
2.2793765052
2.27688536926
2.26492793791
2.2340380728
2.22905592304
2.23353993785
2.22556839837
2.22058626185
2.20862896002
2.21909166653
2.22656503068
2.21510576753
2.20663593166
2.17724072568
2.18620875806
2.18521229265
2.19019454438
2.17176016116
2.17574595365
2.18321932691
2.18820156429
2.16777436491
2.1662797664
2.15631533782
2.13489166485
2.14734727106
2.13140407552
2.15930463783
2.17225846353
2.17724070391
2.18770341127
2.19517678453
2.17773900069
2.21012358092
2.21610227974
2.21211644114
2.22507028289
2.22955430649
2.25645841907
2.25745486541
2.26791757573
2.27539094805
2.26193893868
2.25047967624
2.25217364188
2.24749039324
2.27190340133
2.27389630252
2.27768280582
2.2594477227
2.27339801001
2.27439445407
2.28037315246
2.29233053959
2.27588913116
2.27539099356
2.28286436047
2.32371877571
2.32072937707
2.33667255637
2.36208199863
2.35062284376
2.33816733638
2.33667255637
2.32919923592
2.29581828907
2.31445188539
2.3227224161
2.33268690884
2.34265139552
2.32471526049
2.32620992827
2.33119218228
2.33368329552
2.3326867922
2.32122771437
2.32471528374
2.32720641083
2.32720641083
2.33368331886
2.32770462596
2.32770462596
2.33617443089
2.33866555939
2.3481318227
2.35181867461
2.34912832293
2.33916384177
2.35012477604
2.37403954345
2.36507149737
2.3645732293
2.36706434162
2.36955547185
2.36756256641
2.3645732766
2.36407511349
2.37254493898
2.36606796995
2.37154844218
2.3795200387
2.37633147853
2.38798994034
2.38300758943
2.37802540827
2.36208211674
2.34016018683
2.33467964086
2.32521331434
2.33467957082
2.34663696142
2.36656593769
2.36208199863
2.36357667716
2.36357667716
2.36507135547
2.36756247171
2.36806070662
2.37204649592
2.36357660626
2.35211749215
2.36008907728
2.36158374637
2.35809613955
2.37154820502
2.38250914021
2.38101458469
2.38798972542
2.39845244056
2.41040982023
2.40722127156
2.41040991665
2.40492934064
2.40991159181
2.39197542674
2.39446655418
2.40393282419
2.40592571682
2.38848779262
2.37852332379
2.38400379946
2.37653048086
2.3770287014
2.39496477477
2.39396843723
2.39097904168
2.39048081357
2.38350578541
2.38201108109
2.37902162905
2.38250921169
2.37852351407
2.38051640952
2.38948445372
2.38350580925
2.38500047365
2.38848805535
2.39496496637
2.40343478091
2.39994728597
2.3989507948
2.40891527528
2.40692248173
2.4213709861
2.42734967383
2.42635320864
2.43382657971
2.43133537375
2.42884428888
2.42734955246
2.43283001012
2.42984068369
2.42784781709
2.43482294882
2.44528566606
2.4383104305
2.4298405865
2.40891527528
2.3850005452
2.38350585692
2.40492950899
2.40941353866
2.39546333858
2.38699361616
2.38400434778
2.36855928324
2.37702910549
2.35161971916
2.33268725874
2.34763400108
2.35959138698
2.35710026651
2.34962693135
2.3411570265
2.335178335
2.33717123214
2.33617487476
2.33218902663
2.33567659844
2.32820320385
2.33169078435
2.30777593706
2.31574753091
2.32521380264
2.30030263091
2.3202316108
2.31823869215
2.38350609527
2.34364814799
2.3615842423
2.36905760947
2.35759856303
2.38300801838
2.38250978349
2.37304362915
2.40791934657
2.41688739753
2.40443178819
2.39596198221
2.38799048958
2.38998338237
2.38001886217
2.38848867636
2.39297270562
2.38450296675
2.39845325603
2.41090887493
2.41987692862
2.39471657348
2.39845325603
2.40791951512
2.39621115125
2.40044607084
2.38923607972
2.35859518908
2.34065916217
2.34315029283
2.34912898069
2.33218923653
2.33567680866
2.33218921321
2.32870170223
2.32919993468
2.30777632938
2.27708572122
2.24898574129
2.25596087972
2.25845200021
2.27738454002
2.30179755407
2.23752660799
2.22606747126
2.22058697244
2.21809576201
2.19717042687
2.17275742343
2.1981668718
2.19094262355
2.19617397245
2.1862095451
2.20613852373
2.22058703906
2.21012437657
2.21161905844
2.21062250632
2.23005326968
2.24101420376
2.27140590896
2.2733988057
2.25745570067
2.24151254867
2.25795395354
2.25496459673
2.2425088758
2.22008875083
2.22556922183
2.23653016845
2.23104979086
2.22108526144
2.19766873571
2.16129835834
2.18571136471
2.19517764065
2.18720609343
2.17425216435
2.15681430222
2.16976813787
2.15033729867
2.14635147647
2.15083550351
2.18122719726
2.17375383939
2.15880699706
2.1563158769
2.14934071931
2.13489219858
2.13289935345
2.13638693265
2.10549701928
2.10948280839
2.09603067828
2.10898452303
2.09453602891
2.08058574644
2.07111945981
2.06015858518
2.06613727422
2.08158223187
2.07012313897
2.07361071175
2.06215157771
2.06563914726
2.05966035488
2.05218708039
2.06215157771
2.06264981246
2.05069236045
2.03076338266
2.01033620235
1.93410787361
1.92215042619
1.93410781558
1.93360965358
1.96449957354
1.94307591943
1.95204396919
1.99489128064
1.98891259146
1.99040726372
1.96948182063
1.96400130214
1.98542495219
1.99190186409
1.97296935145
1.94805802733
1.9445704278
1.93510423439
1.92364513302
1.89624287249
1.87731036007
1.88677662365
1.89375176622
1.89674111887
1.87282636123
1.87083342413
1.88677660478
1.87531748971
1.85588667345
1.88378724583
1.87681209417
1.87880499341
1.86186529677
1.83894701423
1.85389376104
1.84891145449
1.85738126371
1.85389377958
1.85738135658
1.85090447114
1.85090447114
1.83496135793
1.79410685256
1.78763000486
1.79958739376
1.79161583349
1.7851388743
1.76421337814
1.77019206666
1.81154471124
1.79859087831
1.79859087831
1.81602873435
1.82250564618
1.82549499964
1.8533955755
1.86933875791
1.85339550137
1.81702502666
1.83795046473
1.83496108268
1.84243445949
1.82698957798
1.83595762696
1.8384487455
1.83645584493
1.81154458443
1.78862620677
1.7746759501
1.79809250388
1.77168661541
1.77866176287
1.82898244813
1.84243451476
1.82748773805
1.82848419146
1.84741673338
1.8254948536
1.80556579578
1.78264747166
1.77965816359
1.78364396479
1.78862620677
1.79859069845
1.82499659802
1.81254099049
1.84343091474
1.84343091474
1.8623634496
1.88627822197
1.86535277916
1.86535277916
1.85638471177
1.84642030239
1.84343097004
1.83894694067
1.83446299506
1.81353756377
1.8145340136
1.80930264663
1.81478311178
1.79859078838
1.80357302803
1.81901799618
1.82549490836
1.85339548283
1.86634933019
1.86335996882
1.87133156242
1.86535287243
1.8640574618
1.88727472294
1.86037065162
1.87232804972
1.88827124052
1.90122507163
1.90670553677
1.89026419107
1.9062073797
1.90471273691
1.8922572014
1.89773768178
1.91168796471
1.92414357557
1.93261338591
1.94955301444
1.94805828058
1.93530381199
1.94606546293
1.92812942471
1.93510456336
1.92912583087
1.92015778612
1.92115424165
1.88677679346
1.87382289498
1.86037089346
1.87855608703
1.88054897639
1.88029982016
1.87332465551
1.86535305896
1.87930335616
1.88229269591
1.88328914416
1.88328914416
1.8842855923
1.90620747501
1.90222176485
1.91965962741
1.90570933373
1.91716850954
1.91318264757
1.91218613902
1.87980145634
1.86784407171
1.86136718412
1.85638502736
1.86186550158
1.87631401681
1.88827141047
1.87780870192
1.87432109827
1.86634955415
1.84990819389
1.86385848429
1.86086920472
1.86535322685
1.87432126696
1.85489057098
1.85688347795
1.85339581644
1.86365924847
1.8523994393
1.85489057098
1.83545976441
1.84094024337
1.842933145
1.83346680369
1.83097571605
1.82499710902
1.82898290538
1.83944562035
1.84741721371
1.85489058953
1.82499712727
1.82350251947
1.82699008954
1.81503264346
1.81503264346
1.807559247
1.8165272845
1.82150953643
1.83197225765
1.81852025364
1.79610013528
1.80456995791
1.80456995791
1.79311084366
1.79859130997
1.7990895348
1.80357355107
1.80357355107
1.79311082573
1.79410728315
1.79610018916
1.80207888202
1.79261264324
1.78414290194
1.77368026363
1.77617138937
1.77567324316
1.78015726751
1.74328857126
1.755744183
1.75175843411
1.75175843411
1.75175843411
1.75823534809
1.75225663497
1.75574420055
1.75474774744
1.75972999075
1.75923170578
1.76670507626
1.76670507626
1.76521036974
1.76969439402
1.76919611824
1.78015707169
1.78912512419
1.78763039814
1.79012151484
1.79933867198
1.81403630076
1.81901854189
1.82898303341
1.82649182768
1.83197229429
1.83197229429
1.84653561494
1.84754797853
1.84147382516
1.8364121378
1.81869596755
1.79996738075
1.8192021265
1.81818984034
1.82730103317
1.82274541256
1.81970833533
1.81262184975
1.80958481129
1.81464659078
1.82072072043
1.81818985853
1.81414035686
1.80401677961
1.79591801996
1.78680681208
1.79693035885
1.77972036373
1.7832636076
1.77212762537
1.76504109418
1.76099162368
1.74833721421
1.76301635987
1.75137428058
1.75795458032
1.74631257161
1.74175698096
1.75137435064
1.76504114713
1.75542378892
1.75289288971
1.74752744961
1.74378179992
1.73973239067
1.72910269914
1.74732509765
1.75643629327
1.74530045777
1.74479421954
1.74175708547
1.74378179992
1.75896711964
1.7620041855
1.77718951607
1.76858447136
1.78579451552
1.78680686568
1.77718944498
1.76554734525
1.7620040974
1.75947321209
1.77364619156
1.77516472766
1.7493497071
1.7422631394
1.73365816619
1.72100379602
1.73315206391
1.71695445035
1.71999152405
1.72404094668
1.72404094668
1.72505330755
1.7463127637
1.74479430678
1.76251051728
1.76807846332
1.78933791749
1.78225135793
1.78225135793
1.7579547737
1.73821386727
1.7422632962
1.75795480886
1.74934982956
1.74226326136
1.74934974209
1.74327554894
1.74276937522
1.73213966163
1.72606550342
1.72910256081
1.72859635369
1.72910252623
1.73416429488
1.73618900287
1.73588536997
1.73618907232
1.73213962699
1.72626794825
1.7230283701
1.71543573792
1.71543573792
1.71543573792
1.71746044269
1.70581842962
1.70581842962
1.71341108982
1.72302845625
1.7296087605
1.73922613263
1.74530026579
1.73213960967
1.72758402121
1.72454700972
1.72809026021
1.72809026021
1.71746059726
1.71644828095
1.71847299506
1.70025051664
1.70278140206
1.7063246381
1.6974158782
1.69771959004
1.7032875439
1.70531225194
1.70025039762
1.68759600321
1.68354658867
1.67392929319
1.68050960367
1.68405283989
1.67696630957
1.67392922623
1.65418822985
1.64204003558
1.62078061279
1.62280532374
1.6445709556
1.61420025024
1.61521260655
1.61824966744
1.60331748845
1.61268177648
1.62685475557
1.64355862274
1.64862039337
1.6516574567
1.66127483901
1.6405215063
1.65266977036
1.64760797334
1.63292881736
1.63343498942
1.62381765322
1.63545974256
1.63191643785
1.641533807
1.62887933355
1.63343492409
1.62280512901
1.62887925211
1.6167309897
1.62584219104
1.64710164237
1.64153365926
1.63748423817
1.64457072536
1.64203987137
1.62837305881
1.63039776545
1.60964444491
1.60154568002
1.59648384312
1.59901472539
1.60255796848
1.60812591483
1.59597761451
1.59395296585
1.58939743536
1.58636030038
1.55953293055
1.55598964824
1.5651008502
1.55649587845
1.55497732407
1.53877964341
1.54282905981
1.53371789265
1.5438414414
1.53827345279
1.55143407511
1.55649584732
1.56105143799
1.56408851053
1.56408851053
1.55750819443
1.56054525548
1.56307613792
1.56155756606
1.56155756606
1.55295250807
1.53928567734
1.54181657119
1.54637217127
1.54687835078
1.53371766259
1.52511258404
1.52511258404
1.5316928979
1.53118675704
1.53624852679
1.51903843016
1.52005078113
1.53068050791
1.51903841497
1.52865577827
1.53321137395
1.52663103999
1.52055693588
1.50587778336
1.48866772092
1.49018625118
1.47651947625
1.48158125495
1.47854416734
1.47196380783
1.47246998544
1.48259353543
1.50182827053
1.52106301582
1.53321126662
1.52561865459
1.5235939777
1.54586578639
1.56054492776
1.55548310049
1.55953252507
1.56712519194
1.58079197734
1.57117456926
1.56864371928
1.56256964266
1.56459435598
1.58534762165
1.59243411083
1.58534766921
1.57876742674
1.57977978846
1.59800218222
1.60002688613
1.59749604726
1.59749604726
1.58636007829
1.58433543095
1.58787866573
1.58889102278
1.58636018933
1.57775524043
1.5762367511
1.57826146551
1.57319975043
1.57522445453
1.57522445453
1.58838507334
1.60508892966
1.61976807098
1.62280512901
1.62432366491
1.6101507738
1.60306436063
1.58433573197
1.59142221765
1.59142221765
1.58939746715
1.60002719013
1.59648401874
1.57168127619
1.54282912152
1.54333529878
1.54586618831
1.54282907524
1.54586614194
1.54535995367
1.54839701657
1.55143407511
1.5656070387
1.55852059214
1.55295261678
1.54637229498
1.54890317736
1.55042170696
1.55143405959
1.54687845906
1.55801435779
1.55700197752
1.5600390499
1.55295249254
1.55042153642
1.54789068064
1.54839686173
1.53523630365
1.53928572352
1.53726104838
1.5443475338
1.53928575431
1.53979193928
1.54131047589
1.54384136421
1.54687842813
1.54384133333
1.5395387875
1.52713737006
1.52561877664
1.5251126603
1.505877949
1.5038533031
1.50891508062
1.51144596136
1.50031004428
1.49828539295
1.50182863097
1.51093983264
1.5271375075
1.53169311234
1.54232283267
1.5367549424
1.54789085091
1.54789085091
1.53776730567
1.52663133005
1.52005096353
1.51752005994
1.51245833424
1.51752010547
1.51397689339
1.51853249235
1.51752012064
1.50992744943
1.51043363174
1.51144599159
1.52106336566
1.51245834937
1.50891503535
1.51600152466
1.52005094833
1.52713743114
1.52814978525
1.52511270605
1.51751998406
1.52055704232
1.52258174877
1.51600140338
1.51751993854
1.51903847573
1.51549520409
1.50233453204
1.49322327152
1.50486534575
1.51093947002
1.52916186237
1.52916186237
1.52511250779
1.52258155084
1.51853215827
1.51853215827
1.52005068992
1.51903836939
1.51903836939
1.51701362662
1.52055687506
1.51802603994
1.51751986266
1.51498893141
1.51245798638
1.51397651489
1.51397651489
1.50486537585
1.50587772312
1.50790242553
1.50537157729
1.50233454706
1.50284072375
1.50334690562
1.50891485428
1.50587775324
1.50334684549
1.50385301736
1.5023344419
1.4967664675
1.48816139206
1.48208724207
1.49170461496
1.48714905759
1.48309957164
1.48006247975
1.47803780833
1.47651931383
1.48411196934
1.47550690172
1.47449460874
1.463358729
1.46740815236
1.45981553659
1.45930936034
1.45323525734
1.4486796899
1.43703761517
1.43450678017
1.440074737
1.43146974897
1.43602534894
1.43653152218
1.4400747658
1.44513654648
1.45070450352
1.45272921269
1.46639600464
1.4694330747
1.44614885774
1.43754380021
1.42995112152
1.42438317867
1.42995113582
1.41881522241
1.41274111864
1.41527200589
1.42539554827
1.4380499766
1.42843267673
1.43045738522
1.43653150782
1.41881530754
1.42387708555
1.41957452003
1.41982761014
1.42438320715
1.42083991038
1.42539550551
1.41881515147
1.42792634426
1.44007460739
1.44564256291
1.44311172592
1.42691404645
1.42691404645
1.44058083937
1.4314695772
1.43551899517
1.44108694668
1.46032168397
1.4628525676
1.46842051412
1.46391556974
1.46184018525
1.4689266631
1.48056874769
1.48967994212
1.4917046448
1.51245791075
1.50891459777
1.4957539333
1.48917367106
1.50334663502
1.50486516517
1.4942354972
1.47601310215
1.47854398991
1.47854398991
1.48714899811
1.48512428586
1.48107483334
1.46487712164
1.46234624494
1.45525983136
1.44751524583
1.44867945812
1.4552597586
1.46285242132
1.47398832474
1.46487713629
1.46538330947
1.46032155254
1.45323506842
1.44867950158
1.45070421338
1.45171656319
1.4461486119
1.44918567168
1.44918567168
1.45880303866
1.44867951606
1.44766709814
1.43855589965
1.43804976089
1.43551886598
1.43602504737
1.42640773877
1.42893863147
1.42033357065
1.41881505215
1.41577792867
1.41527173699
1.41577791451
1.42741999142
1.42185209346
1.40059271227
1.40717302212
1.40211125917
1.4016050482
1.40514829174
1.404642108
1.41172858866
1.41375330038
1.40413588195
1.4086914769
1.40616064404
1.39755564521
1.39856799571
1.39856799571
1.40312359826
1.40211118907
1.40261737245
1.40261737245
1.4183088667
1.41324704117
1.41982734037
1.4127408361
1.4122346005
1.40666671387
1.39958025378
1.40312350004
1.4026173444
1.39553090919
1.3924937757
1.39451848401
1.39451848401
1.37933318475
1.38085171412
1.36769110455
1.36819728493
1.36617262111
1.36617262111
1.37325910426
1.36769114558
1.3439007907
1.35250580386
1.35250580386
1.33377720785
1.32264130105
1.32567836623
1.33023396851
1.32314746689
1.33985132047
1.34238220822
1.33377718117
1.32972772461
1.34288832801
1.3403574913
1.33529569664
1.34086365222
1.34896249253
1.34744401137
1.32770312145
1.32415983686
1.32365370731
1.31808572136
1.32719691166
1.32719691166
1.33377722118
1.32213510407
1.33175247189
1.32770305506
1.32922158032
1.32162890259
1.33478951524
1.3363080474
1.34390071007
1.33883892294
1.3342833923
1.32922167336
1.32618455382
1.32922162019
1.32264130105
1.32669072241
1.33175249853
1.32719692494
1.32466598774
1.31909809662
1.30846833461
1.29682626241
1.30138185192
1.28923363821
1.29277687738
1.29176451257
1.29581392721
1.29581392721
1.2811347555
1.26038144961
1.24823320183
1.25228262114
1.23962818387
1.26291233767
1.26190001421
1.24772704606
1.25734441908
1.26190001421
1.25025787862
1.2527887708
1.25481348365
1.26493703082
1.26190002683
1.25329507492
1.25177650071
1.24317145932
1.2482332268
1.24064056751
1.24165292121
1.22343049376
1.21836877322
1.2153317599
1.20217112508
1.20723290204
1.21431938507
1.2229244041
1.23709736751
1.2426653181
1.2365911519
1.22393676838
1.2284923587
1.23608501982
1.25025797864
1.26696182789
1.2836656741
1.27657919043
1.28872744267
1.28518419815
1.27759148485
1.28265326133
1.28771502966
1.27607294847
1.27809765185
1.27050500471
1.26443092959
1.25329497465
1.24266524354
1.24317142202
1.23406020518
1.21583783215
1.22191196074
1.22039345754
1.21634409081
1.2128008211
1.21178843392
1.22444286068
1.22292426957
1.22140572976
1.21786245129
1.21786245129
1.2133068101
1.21482533947
1.20470185481
1.20773892315
1.20571415716
1.20065237263
1.18901026733
1.17989913137
1.19002267663
1.18951654865
1.17635592728
1.17838063524
1.17331884509
1.16268914769
1.16471385979
1.16876327861
1.15610889187
1.16218302303
1.15610888031
1.14750389001
1.13839269735
1.12472589034
1.1338370759
1.13231852526
1.13282470548
1.13484940911
1.13738029704
1.13839265181
1.12421972016
1.13130619839
1.12421969767
1.12472587909
1.12826911634
1.14041737399
1.14497297366
1.13839267458
1.1277628966
1.12523199586
1.12776288533
1.13029377062
1.12421967519
1.11004668493
1.10144171641
1.10144171641
1.10549113572
1.11713321337
1.10700965221
1.10700965221
1.09941703697
1.0953676638
1.0903058715
1.06752786939
1.06550319691
1.10093561011
1.09334299758
1.08575030456
1.08170086026
1.0685402588
1.08575028284
1.0796761693
1.0796761693
1.10245415305
1.10245415305
1.09941711393
1.09384919039
1.09739243597
1.12017041831
1.15054105338
1.16572637775
1.20267732162
1.18799816097
1.18597340112
1.1971092987
1.25430733126
1.24317139716
1.2527887708
1.23760341907
1.22241814484
1.22849227271
1.21128226657
1.22089963525
1.23102318701
1.26341853858
1.27252973039
1.29075211445
1.29075211445
1.29429535926
1.30745597196
1.30998685516
1.29328294342
1.26746786479
1.24013432819
1.21938106097
1.23152931541
1.2451961067
1.25785053918
1.23861577171
1.23659105298
1.2229242818
1.23304782746
1.22292424512
1.25228252095
1.24924541738
1.26949251095
1.28923341904
1.27910983288
1.2740480763
1.2806283846
1.29834459289
1.28771491376
1.2796160384
1.27809752404
1.27556658837
1.26696156183
1.28315922672
1.29024570978
1.30239396556
1.30765821181
1.2927766059
1.27252957769
1.2872087224
1.28366554573
1.27303586519
1.27860381482
1.28315940636
1.28012230345
1.29682615866
1.29530768683
1.31555478045
1.32314744043
1.29378912994
1.3034065014
1.3023941479
1.30138179986
1.31454240349
1.30846830844
1.32618451403
1.32162895545
1.32061657912
1.3282092321
1.33377718117
1.34390072351
1.36161693037
1.38237020112
1.40362964183
1.39907399122
1.40312341585
1.40565430647
1.40514808096
1.42995076404
1.42185195128
1.41628396148
1.40616046124
1.42843226249
1.41425928839
1.4284322482
1.4259013113
1.44665457763
1.4405804216
1.42590129704
1.40008619549
1.38844414895
1.38540706047
1.36313528476
1.35503651585
1.37325889827
1.37528361174
1.40059247417
1.40666660133
1.40211104886
1.41324694224
1.41780253573
1.41679016099
1.40666655913
1.41020979335
1.42488893871
1.42033331499
1.41071599438
1.41932100666
1.41729622962
1.41020980746
1.3945183585
1.38591336685
1.39097514304
1.38186390401
1.34187587663
1.32112261747
1.3292214474
1.32415973093
1.33630798058
1.35756742885
1.35959213351
1.35604890288
1.35250570918
1.3570612999
1.3869257581
1.44462997042
1.4496917432
1.45779058697
1.45627206906
1.42387665838
1.42640753907
1.42944460817
1.43146931953
1.44361756749
1.43248165456
1.43096316991
1.43045698469
1.4329878684
1.42843220535
1.42944456529
1.43096309836
1.43045691317
1.42539520617
1.43197550499
1.44513611294
1.45171641802
1.4507040538
1.4517164035
1.43906195752
1.44007430498
1.44513608404
1.45272874782
1.45880287819
1.45880287819
1.45829676141
1.45880293654
1.4507040538
1.45424729383
1.43602494685
1.43450643589
1.43754349832
1.42995082123
1.44159290023
1.44513614184
1.44007433378
1.44311139401
1.45272876235
1.45121029275
1.45981530302
1.4719635576
1.48158092901
1.4886674083
1.49221064223
1.49524770628
1.50688978701
1.50587749724
1.49777860873
1.50486508992
1.49828474868
1.49575388843
1.47651909235
1.45272870424
1.43248164024
1.45728432592
1.4547534745
1.45576582584
1.45475340176
1.43754342645
1.43855578457
1.44209903141
1.44513609849
1.44209901699
1.45576579672
1.45677815327
1.46335845096
1.46842022044
1.4567781387
1.45374101307
1.45779042661
1.4613336723
1.47095103316
1.47246955843
1.46082751016
1.45829663016
1.45981515704
1.45627196712
1.45525962762
1.43298778242
1.42438283682
1.41172833455
1.40160473985
1.41122210897
1.40869123742
1.42741979158
1.41982719839
1.42286425772
1.43045691317
1.40362954358
1.39401212868
1.4086912656
1.41628391899
1.41679009015
1.42590128278
1.4294445224
1.4294445224
1.43551865065
1.43551865065
1.4380495308
1.44564218704
1.4684201617
1.46993869073
1.46487687261
1.48158072158
1.51093900162
1.50688953084
1.50132163914
1.4648769019
1.45981514244
1.48158076603
1.46993870543
1.47601283647
1.47196335153
1.46234604022
1.47398811838
1.48563019049
1.47753129768
1.48208688637
1.48309924535
1.49575367902
1.49828456889
1.50739576498
1.53017373759
1.50739573483
1.48006215414
1.49322276382
1.50233394613
1.48967945052
1.48967945052
1.47601260031
1.46588911518
1.47550648858
1.48816091585
1.48309908221
1.48259283861
1.49322255477
1.4998028602
1.49828432916
1.52409936144
1.54333409498
1.53725994156
1.53017341625
1.53270430216
1.54282784098
1.55446990893
1.5570007942
1.57471699896
1.57167994026
1.5701613314
1.54839571591
1.54080309836
1.55295134336
1.56003781747
1.56105017353
1.56003784867
1.56509961377
1.55345747054
1.55851923623
1.5539636539
1.54434622111
1.53675363615
1.53574124913
1.53574124913
1.51144472198
1.51448178287
1.52460532447
1.52055587149
1.50992619619
1.49069145032
1.49220998566
1.51195088375
1.50182733939
1.51448176773
1.52359295689
1.5165064979
1.53675357468
1.5453585783
1.54181527606
1.54333380174
1.54130904247
1.52004962589
1.51903730607
1.52258054593
1.51853115604
1.51853115604
1.53574117234
1.53574117234
1.53827205297
1.54839559204
1.55143264779
1.56914884112
1.55598818562
1.565099379
1.55598817006
1.55345723752
1.54940784575
1.5448523245
1.53523493729
1.52359294165
1.51681011772
1.51397557623
1.53219794966
1.53472883841
1.52207435684
1.51802494696
1.50891373769
1.51043227235
1.51245697303
1.50132111368
1.49980254524
1.5068890185
1.5089137226
1.51093842747
1.50385187444
1.48917270309
1.50435800574
1.49777763517
1.49474052953
1.49170346635
1.50486406661
1.50283943131
1.50435796061
1.5119506116
1.51296295938
1.51144440457
1.52055558259
1.52308646167
1.51701235233
1.50587653348
1.50182711412
1.50283946137
1.49929619241
1.50688885274
1.50891355662
1.50790126444
1.51802481034
1.52308658352
1.51448163142
1.50537046331
1.50182723427
1.49980248525
1.48714804633
1.49524688389
1.49929629736
1.49423454089
1.49372837997
1.49069128635
1.49423452595
1.47449366506
1.46690105972
1.46437020075
1.45272812315
1.45475283441
1.45120959617
1.46487637455
1.46285170452
1.45120965422
1.46032083698
1.45677758512
1.45019722284
1.43754279393
1.43906132433
1.45120956715
1.45222192108
1.45525898731
1.45778987265
1.45475281986
1.44918481666
1.44817248006
1.45424661033
1.44918477319
1.44108596674
1.43045628377
1.42438219584
1.43298720923
1.43096254029
1.41324633455
1.4228637028
1.42893783126
1.43248106724
1.44108608203
1.44867873378
1.4436169323
1.45323429821
1.45799235915
1.44462921921
1.44311070131
1.44716011259
1.44614774421
1.44108599556
1.43551804773
1.42843150542
1.44007357054
1.43450566126
1.44007361374
1.44969097486
1.44665386877
1.45120946556
1.45576505428
1.45222181943
1.44969091688
1.44665381091
1.44665381091
1.43804876864
1.4405796581
1.44311054257
1.44108583704
1.44513524586
1.45019701981
1.44766617164
1.44766617164
1.44867853096
1.45070324141
1.45981442713
1.47145649463
1.47499973914
1.48664180322
1.48714798685
1.50081475844
1.5089135868
1.4911973874
1.49474061921
1.48917264353
1.49271588581
1.4957529461
1.5099258942
1.50891352644
1.52460501954
1.52359271312
1.5347286082
1.55295098618
1.53877798153
1.53574097269
1.55143246162
1.54181512188
1.54687689672
1.5544695514
1.55548190276
1.55649425969
1.53219771983
1.54282743984
1.54687685031
1.54130885751
1.53371617489
1.52713581238
1.53776552186
1.55446936487
1.54232118238
1.53827174531
1.53928409188
1.53827172993
1.5514323375
1.55092618771
1.54485212367
1.54738300933
1.56155595766
1.55902501102
1.55649411961
1.55902501102
1.56509912859
1.58332149568
1.57927211303
1.5843338783
1.59698829995
1.60964272259
1.60761793986
1.60407464146
1.61065494262
1.60761785948
1.5944572448
1.60356842727
1.6187537336
1.62584020751
1.62330928303
1.62179073859
1.63748222406
1.63140814242
1.62685260812
1.62584020751
1.6228032141
1.63039587419
1.62482798198
1.62482798198
1.62280324655
1.63393914525
1.63748238781
1.63849474661
1.63242066368
1.63798861185
1.64659362282
1.64456889989
1.65266773758
1.65317391152
1.65114918779
1.65418624482
1.64760594678
1.65671713198
1.67747038076
1.68759392746
1.67443333895
1.68050746942
1.68101364727
1.68961865059
1.7093595581
1.7058163144
1.70024842533
1.69569277295
1.67898890997
1.69063098462
1.69214951469
1.69872981294
1.69923599091
1.70480394002
1.70379158718
1.70429775661
1.70024839133
1.69417424822
1.65621098282
1.63393914525
1.64608738958
1.65013679896
1.64558113096
1.66329732562
1.66380351073
1.64406256575
1.65114903919
1.65924787598
1.68202583805
1.67949494952
1.68202583805
1.67240853333
1.65216148732
1.6551985525
1.65367994283
1.64963058165
1.63596373806
1.61419805493
1.61925981893
1.64153160735
1.63242038617
1.6309017993
1.62077821404
1.63343263728
1.63646970535
1.63495111192
1.62988930739
1.63981037957
1.64001284305
1.63798818597
1.63798818597
1.63393885114
1.63748209307
1.63039554812
1.65216115689
1.65114885756
1.62837082794
1.62179056019
1.61571651841
1.61419797422
1.62432150456
1.62381528245
1.61824736952
1.61875353935
1.62027207542
1.61419790966
1.61166705781
1.60356821881
1.5893952261
1.59850641546
1.59597558762
1.58686441472
1.58686441472
1.58939530557
1.59951884626
1.59951884626
1.60964238456
1.61065473323
1.63697592735
1.63697592735
1.64203770388
1.64912417332
1.65114887407
1.63849450084
1.63697599283
1.64912423928
1.65367982707
1.66026012672
1.67038367063
1.67848250256
1.67443302081
1.68050715013
1.68000088959
1.6713958622
1.66532170825
1.67088965635
1.65722283921
1.66279077903
1.66582784311
1.66684019098
1.67595138141
1.66835880704
1.66228471917
1.66329707612
1.65772904894
1.66279081229
1.66228456957
1.64861773909
1.64558065375
1.63697561632
1.64153121338
1.64406208897
1.65216090906
1.66127209791
1.66279062938
1.67139562821
1.67392651447
1.66734622045
1.67392651447
1.68506239524
1.684049977
1.70125998288
1.67544490165
1.67291404502
1.67038316952
1.69771670392
1.70986493657
1.71695141134
1.73163053937
1.74175407223
1.74327260281
1.76048261219
1.76301350378
1.76908761677
1.80755704178
1.80502624697
1.81717448311
1.80806337326
1.80097685143
1.7792111874
1.79034706646
1.77313699763
1.78629759111
1.79237171437
1.80249524638
1.80097674337
1.81211262893
1.79439651655
1.81717446494
1.81666827065
1.83235974244
1.84855740336
1.84197718716
1.83438459179
1.82881671325
1.8197054602
1.81666836149
1.81869307583
1.82476719212
1.85311308395
1.86070573454
1.8591872743
1.853619368
1.85463172052
1.85817496224
1.84855768064
1.84906386654
1.85311328779
1.846532919
1.8495699876
1.88399000876
1.88196524312
1.90170614242
1.89917532587
1.85260703081
1.82729814603
1.83843403797
1.82932279856
1.84400193215
1.84349582308
1.84754524416
1.84147109978
1.79895216157
1.79642119891
1.80047061397
1.81464356033
1.81869296671
1.80451993593
1.79389026312
1.79642114502
1.80198908667
1.80502613867
1.79186553047
1.78022341938
1.79186547671
1.78933464301
1.78427281012
1.77718640599
1.77566791615
1.76807528078
1.78326057606
1.78022359741
1.76149498702
1.76756910025
1.76959380745
1.77111234542
1.7665567146
1.7706061276
1.78680377451
1.78832230922
1.7862976447
1.7862976447
1.79540882368
1.79540882368
1.79996441081
1.79338409871
1.7898408279
1.79591494894
1.84096467281
1.86526115528
1.87032292465
1.86526121124
1.87589091818
1.87589091818
1.87740944713
1.87032305557
1.85513778872
1.84278713519
1.84906371862
1.85210078249
1.8581749065
1.86627372591
1.85918716275
1.88196511138
1.8936071838
1.89310109024
1.91132345968
1.90322461411
1.8991752499
1.89512578366
1.89917519293
1.87690338453
1.87386638691
1.86222439212
1.89866911119
1.91284205485
1.92853352585
1.91689153705
1.91689153705
1.92195330056
1.91334824069
1.89816287958
1.89816287958
1.90018759011
1.89765670704
1.90271848077
1.89461972
1.88753329729
1.89006417389
1.88449613529
1.9027184998
1.90524938912
1.91031116602
1.9082865457
1.91436066967
1.91233596467
1.88601476503
1.88753329729
1.89006417389
1.88500237894
1.89259503731
1.89057028742
1.88601478389
1.88601478389
1.87892822828
1.86121206424
1.84653299286
1.82223655486
1.81717486472
1.82476752058
1.83438488529
1.84045901086
1.83742200131
1.83944670562
1.83894055954
1.80705133999
1.80856986465
1.80856986465
1.80502655382
1.8065450932
1.80755743944
1.79034735292
1.77870532283
1.74630993468
1.72403823994
1.74023588988
1.72758153349
1.7291000709
1.72201356413
1.70379119531
1.72758149894
1.73365561772
1.73871737906
1.7230259234
1.71037150779
1.71644563762
1.71189006782
1.71037161041
1.6840504317
1.69012454745
1.71492722092
1.73061869706
1.74782871436
1.76200166583
1.74782869688
1.73466805605
1.74732247666
1.74428547683
1.73163111081
1.73466817748
1.73112492514
1.73112492514
1.73112492514
1.71391485532
1.71796426489
1.70834697713
1.71189022189
1.72251994499
1.73618672847
1.73365582576
1.74023613351
1.7108778698
1.71948287738
1.72302611293
1.69721116522
1.7002482213
1.69923585498
1.72049528012
1.71087785269
1.71138402233
1.70480376954
1.69417401104
1.70429755209
1.70682843655
1.72454462984
1.72910022652
1.71745814129
1.71796431643
1.71695204661
1.71796440233
1.69569265425
1.70075442653
1.69619877533
1.69923583798
1.70682848776
1.69619882621
1.68810004526
1.69214946392
1.68759391059
1.69923597392
1.70733480817
1.70328538073
1.71189039308
1.71998921926
1.7154336794
1.71695221831
1.71442140915
1.71948318689
1.73365613782
1.73821172926
1.75390321517
1.76554527956
1.77819970878
1.76959472764
1.77313797286
1.77263181422
1.78478006175
1.78427396989
1.77415045763
1.77516281048
1.7817431145
1.79287900942
1.79034817648
1.79034817648
1.78882971035
1.79895325893
1.80452119909
1.78731124523
1.79743479206
1.79237298695
1.81262007338
1.81818802216
1.83792892408
1.83084251741
1.82932391445
1.84400305699
1.84400305699
1.83894122156
1.84704004657
1.85564505273
1.86020064011
1.85817598424
1.86678099204
1.85969454837
1.87538603382
1.87336133556
1.87589221255
1.87943545704
1.89310224503
1.88854668385
1.86273173114
1.87386762366
1.87184288005
1.86475642796
1.85058340408
1.85260810532
1.85108958935
1.83337335427
1.84501543431
1.82426222119
1.82983017671
1.82122520277
1.82173137337
1.81110173403
1.81211409674
1.83134883368
1.84552179446
1.82983034139
1.82021304683
1.80199061836
1.78528676133
1.78579294402
1.80300297263
1.80654621326
1.80199061836
1.78174345303
1.78984229557
1.77668170342
1.77263229283
1.79034849874
1.79541027797
1.79136081512
1.79287935006
1.7943978803
1.78073112247
1.78427436243
1.77212610134
1.77617551009
1.7726322042
1.7630149142
1.75440990329
1.76402726345
1.76503961154
1.77668168565
1.77566926566
1.77010134664
1.79186696396
1.79541020615
1.79287938592
1.7979411648
1.78528668992
1.77212610134
1.77313845161
1.78174347085
1.77465699666
1.76655807485
1.76605185185
1.74580481774
1.74580481774
1.74479254454
1.74226164105
1.7437801782
1.74124935021
1.73922458472
1.73669376902
1.73365669259
1.74934818517
1.73973073793
1.73922454994
1.73466888869
1.73163189004
1.74226160621
1.74378014333
1.74226162363
1.70936003672
1.71138474111
1.70581675792
1.70885381634
1.70682917049
1.72758243183
1.72100219549
1.72555778689
1.71847136251
1.71847136251
1.71087862259
1.71087862259
1.7179651067
1.71998982126
1.73618749239
1.73922454994
1.73163189004
1.73821219858
1.73618749239
1.72606389818
1.72201447679
1.70935996835
1.71189085529
1.70986620187
1.70632293178
1.70379211536
1.70429828494
1.694680899
1.6901252911
1.68101413476
1.69265620318
1.68607596167
1.68000188079
1.65975485364
1.65975485364
1.63292749469
1.63849545117
1.63900162781
1.60002602211
1.58686535097
1.587877713
1.59951978998
1.60863097783
1.57775412023
1.59192708093
1.59243325092
1.61166797647
1.60103829465
1.58888999
1.6015444148
1.59243329869
1.57421088753
1.5443464682
1.53472916071
1.53371688039
1.53726012603
1.55295162289
1.568136941
1.56864312319
1.56864312319
1.57218636996
1.5863593327
1.5640874626
1.58484072439
1.57522341488
1.5716801603
1.56813687827
1.59698897068
1.60711251994
1.63950786246
1.64203875479
1.64456963995
1.66279202613
1.6471006047
1.64558201958
1.64406351931
1.63191526287
1.63444615352
1.64659441318
1.63950794443
1.6471006047
1.64102645449
1.63798943085
1.64659444611
1.67038477309
1.68050830968
1.66532302385
1.68708863625
1.67494033364
1.68405152633
1.6632982238
1.63495227273
1.62735958183
1.64608813032
1.63697699138
1.64710053881
1.60508785425
1.60356935734
1.59243341016
1.59850753442
1.57775429378
1.58484077193
1.59800138322
1.60407550766
1.58990248305
1.58939633868
1.59142104
1.6035692932
1.60205079108
1.5929396615
1.57572967851
1.57319872785
1.55700102775
1.5716801603
1.56509983288
1.56763071835
1.56459371449
1.56611224765
1.57218636996
1.57876666893
1.55750729107
1.58939644994
1.59243350571
1.60154470308
1.60053236645
1.59496437878
1.62837208179
1.64203886973
1.63343389502
1.62786588332
1.63495237083
1.63798943085
1.6253349749
1.62432254413
1.62989049721
1.62229778962
1.59850742252
1.57724796325
1.56358120251
1.57016150412
1.58332211317
1.59445801014
1.60205066291
1.60812478914
1.61369274477
1.60812480523
1.61470510574
1.62634717474
1.62938423407
1.63242130032
1.59597649733
1.59800120743
1.59749504083
1.60154446285
1.583322129
1.59040861365
1.59901362207
1.60053215838
1.60610010094
1.60610010094
1.59597660905
1.60002602211
1.6010383747
1.60154455894
1.59749521656
1.58838410442
1.57826053433
1.58585319034
1.58433467047
1.58129756383
1.58180373911
1.57977906176
1.58180377075
1.58635936443
1.58838407265
1.58534697166
1.58281608514
1.58990256254
1.59547050937
1.59445818553
1.59901378197
1.60913732584
1.62331028948
1.61470528335
1.61672998733
1.62432264159
1.62280412287
1.62027322582
1.62280410664
1.63242147989
1.64102648731
1.6455820854
1.63343387869
1.63242146357
1.63191532815
1.6298905624
1.65013765703
1.65823649114
1.67392798752
1.67443415942
1.68303917687
1.6774711524
1.69113792869
1.68354524184
1.67645883574
1.67038465616
1.66532289063
1.66734760435
1.65975500302
1.66886619872
1.6759526719
1.67747120272
1.6769650183
1.69923680655
1.703792405
1.70075537896
1.70328626643
1.70227396369
1.71594075075
1.72353341203
1.72049629522
1.70784184237
1.71391596937
1.71695302527
1.71189119767
1.71745915459
1.71442211206
1.71644682197
1.72353330861
1.72505184126
1.73618773546
1.73568153692
1.73011356858
1.71391590081
1.71290361836
1.71087896476
1.68607619772
1.67139708232
1.65924877197
1.67038467286
1.65924875538
1.66279199287
1.63849545117
1.63090277784
1.6202730962
1.62938428295
1.63798929981
1.64456960705
1.63191523024
1.63090294093
1.61419908802
1.62128556459
1.62432262534
1.6339399949
1.64608824555
1.65013765703
1.65317472157
1.66785385457
1.65114994732
1.65570553469
1.6622858329
1.66177957774
1.65924862264
1.65975480385
1.65519923114
1.66380424281
1.66228571654
1.65469299967
1.65773006015
1.66431036583
1.65570540223
1.65671776153
1.65469299967
1.65773006015
1.65418680724
1.65671769526
1.65975475406
1.66177946142
1.66380417626
1.66329795767
1.68050797357
1.69012534181
1.69923653467
1.69721174227
1.70227352109
1.70227352109
1.69822404049
1.69974257468
1.71138465554
1.71138465554
1.71189083817
1.7123970164
1.71442171774
1.71087841728
1.71087841728
1.71594018449
1.71290308736
1.69771773953
1.70531039315
1.69619913153
1.7048041446
1.70935974613
1.7098659283
1.70531025673
1.70682879499
1.72403880887
1.72910057234
1.72656963993
1.72758199994
1.73466847237
1.74175494311
1.74529818888
1.74681671749
1.75440937697
1.75187853879
1.75694030471
1.76402678716
1.76098980986
1.76605158694
1.78528631501
1.80148398785
1.80705193632
1.80249632788
1.8085704434
1.82780516369
1.83792870353
1.82071873584
1.8181878767
1.8278052368
1.82628677895
1.83438561905
1.84299062698
1.8379288138
1.83691639397
1.84400287259
1.84805228013
1.83590410958
1.83590410958
1.85716355424
1.86728708896
1.88297857772
1.8779167917
1.87285494078
1.88095377051
1.89563291136
1.90069468481
1.88905261772
1.89512675018
1.89360822528
1.9072750022
1.91689236131
1.92397883745
1.92246026337
1.94371968938
1.94371968938
1.94574438862
1.95181852113
1.97560883737
1.96953470192
1.97206558341
1.97054708622
1.94625052309
1.91587993453
1.89613899915
1.90018840719
1.92195401168
1.93207754652
1.91790467101
1.8804474859
1.8728547535
1.88753388243
1.90069447574
1.92144773959
1.92650951279
1.94270717804
1.90828713727
1.89208946024
1.86829911527
1.90778091677
1.89968207445
1.88702769485
1.89512652276
1.89664505136
1.91284270522
1.91183031429
1.92347237821
1.93511445177
1.97206536648
1.99838657588
1.99484338387
1.99231253699
1.98927538231
1.99838657588
1.97763333204
1.98117656493
1.98927540221
1.97813949295
1.98370744917
1.97307776909
1.97004077979
1.98218902646
1.9776334507
1.98016434331
1.97763352981
1.97206564257
1.96801622486
1.97560887689
1.97510279072
1.99484370305
1.99788076833
2.00091783529
1.99180665346
1.99130040056
1.98674474525
1.98876945458
1.98573233962
1.98421383528
1.99028796229
1.99484356341
1.99433733635
1.992818828
1.99332500847
1.9918064742
1.98978183671
1.99939919501
1.99686835911
1.97763370779
1.96346080481
1.94270752773
1.9503001873
1.947769366
1.96346086371
1.97560911396
1.96852269995
1.96346086371
1.96801646102
1.96801646102
1.96346086371
1.95080647292
1.95890531201
1.9553621181
1.93106565413
1.91081853562
1.89816418932
1.91233715032
1.94574483614
1.95384366537
1.96649809259
1.97054750003
1.95738680898
1.92954712078
1.92954712078
1.95030038233
1.92954708219
1.9305594337
1.92853476012
1.92802858618
1.92752235234
1.94726326494
1.96599182384
1.97763390556
1.97257211433
1.97915242116
1.98421419244
1.98168335526
1.98927601888
1.99383161659
1.98522651888
1.98927593931
2.00091801537
2.00193037574
2.00800450015
2.02470834482
2.02167133512
2.01205394385
2.02217748345
2.01660961509
2.01559732956
2.00547370146
1.99433785488
1.98421425197
1.97611538914
1.97155977403
1.98168331563
1.96801661846
1.94675725645
1.94422636651
1.94068313578
1.93410278691
1.92144833523
1.92043599874
1.92549776385
1.91334958004
1.9098062802
1.89512711025
1.87386775484
1.8814604172
1.87994193915
1.87943573895
1.85412686576
1.81160789902
1.78731142396
1.79895349279
1.81515116897
1.81008943007
1.78629912733
1.77566935444
1.76099017967
1.76048396777
1.78984224187
1.80300284642
1.8065460868
1.8004718743
1.79085450481
1.81262012776
1.80148420403
1.81262009151
1.79945953761
1.81110160726
1.81059547509
1.80401508384
1.7938915009
1.74327387539
1.71290332716
1.73264423811
1.71543415972
1.71108111705
1.70682923876
1.69771801117
1.74529866011
1.7458048352
1.73770603537
1.71594040756
1.74226162363
1.73922454994
1.7250515825
1.74023689922
1.75339749748
1.75997779578
1.76321733756
1.76655811018
1.73770605275
1.74023693402
1.7579531388
1.74782951836
1.75643453684
1.75187899428
1.76655812785
1.75440995592
1.73770607013
1.71998985566
1.71847125941
1.7240392054
1.71543417687
1.70885390179
1.69215000541
1.69063147491
1.68253269196
1.66582885926
1.66299420067
1.66026082403
1.64659400153
1.63242103914
1.65266811769
1.65114951802
1.65114951802
1.6627915938
1.64760624335
1.6597544885
1.65317419256
1.63900130001
1.63495191305
1.62179132243
1.62482838819
1.62482838819
1.63596427793
1.64811253167
1.64254458061
1.64153226396
1.62837162585
1.66987813871
1.67291519934
1.665828726
1.67291519934
1.68810051793
1.71138465554
1.70176727215
1.70531051252
1.71391552375
1.69569321383
1.70784146665
1.69518702323
1.70126113974
1.70581674086
1.69468083122
1.71644644435
1.73112558296
1.73315029609
1.73517500012
1.71948353079
1.71695259604
1.71897730339
1.71391550661
1.70834748963
1.70885366255
1.68253245641
1.65064327065
1.65874209818
1.69771772255
1.71745862218
1.69265593235
1.70126093559
1.71087829752
1.70227324873
1.70176706794
1.70581648499
1.71290296745
1.71492768395
1.71391531808
1.71897707993
1.75137240661
1.75137240661
1.74681689217
1.75491571993
1.7533971468
1.76098980986
1.76402687536
1.752890944
1.74985388985
1.74884154235
1.7655453855
1.76017994084
1.75491573748
1.75440951732
1.75896511441
1.77465660623
1.76959488691
1.77364431149
1.77212583552
1.76048380932
1.75694053311
1.73568103357
1.73821192047
1.73669338694
1.7407428074
1.73770577472
1.72302664707
1.73213782556
1.73163159567
1.74631073798
1.74023665559
1.73568112036
1.72656988165
1.73365636319
1.73264403019
1.72454523344
1.74377996895
1.76453322373
1.76402705177
1.77111353206
1.80249650812
1.79186674894
1.79338528234
1.801990294
1.78933594922
1.7913606539
1.79490390006
1.79287913492
1.79743472016
1.79085434364
1.81261996462
1.8186940943
1.81818784034
1.81970637005
1.82021255537
1.82173108189
1.81920027092
1.78882967457
1.78984202709
1.78680491807
1.79844699679
1.79338521061
1.79540991888
1.815656995
1.83286700982
1.82881755451
1.83033608489
1.83236078688
1.83134850403
1.83944733104
1.84400292791
1.84299066384
1.84754626031
1.85615126751
1.88297865304
1.89968249238
1.89917629445
1.90069481786
1.89006517563
1.894114587
1.89057136505
1.8693118957
1.90018869222
1.89563313883
1.89512688284
1.85108951531
1.81616328891
1.82527447491
1.81363237799
1.77769374071
1.78224932617
1.79844699679
1.81312613691
1.82881762766
1.82932380469
1.81818798579
1.82780534647
1.79844712269
1.81768185453
1.82881775568
1.79642238455
1.81211387929
1.82223742953
1.82274360805
1.82983008522
1.83894127673
1.86070688818
1.84855871584
1.82375609513
1.81059543888
1.79237304072
1.79034826599
1.79591620608
1.77263211557
1.77313829202
1.77212594185
1.76858275584
1.7690889259
1.77870628333
1.7675703022
1.77668149021
1.7787061944
1.77718765002
1.76149616722
1.74479233516
1.73770580947
1.73973051176
1.74428610478
1.73669340431
1.74631077291
1.72960685793
1.73365627651
1.73669333484
1.75289099658
1.75390335548
1.73264387425
1.72758208632
1.73618709307
1.74124886266
1.75289092647
1.74377967251
1.75997733818
1.75289083882
1.756940252
1.74529815397
1.75137228402
1.76503906438
1.77212553426
1.77060694208
1.77060694208
1.78832313185
1.78579230114
1.78326148552
1.79338503127
1.77769345628
1.76908844824
1.76959462147
1.78477993682
1.78680465004
1.79389112419
1.80148377167
1.79692818457
1.7923726464
1.79642206119
1.80705177369
1.8045209645
1.81666921532
1.81869393062
1.80907655221
1.81565684975
1.83489157567
1.83590392599
1.8445089364
1.84197797921
1.85817564977
1.86171888544
1.8526076607
1.83995330381
1.83691621028
1.85058299695
1.82324945312
1.8288174082
1.85159537612
1.8455212039
1.84754590927
1.83894092733
1.84805211381
1.85817564977
1.85665702625
1.8556446816
1.85615085916
1.86880528737
1.87487941046
1.87943500597
1.88297823878
1.87639802127
1.88854626837
1.88247210578
1.88449681371
1.88652152983
1.90120066005
1.91486742972
1.91537361522
1.93055893175
1.92752185119
1.93460833073
1.94118863312
1.93258364322
1.93359600234
1.94979366262
1.94321331918
1.91992908975
1.94523793836
1.95333676732
1.93663295103
1.94928736695
1.96042326789
1.97358386925
1.94169463105
1.93258350794
1.92701565405
1.93713919494
1.92347249362
1.93916398172
1.95232457615
1.94068257298
1.94270727518
1.94371963107
1.94776905436
1.94574442753
1.93713938865
1.93157135056
1.95333696266
1.95080610227
1.94523807453
1.9518183845
1.95536162926
1.94017631494
1.94979368212
1.95333692359
1.95890486146
1.96295427763
1.97155928114
2.01913990863
2.01559660394
2.01154711094
2.00243598706
2.00648539717
2.0216707084
2.02875718805
2.00851005883
2.020152135
2.01762125897
2.02875714748
1.99939885511
2.00142357115
1.94776880115
1.91587974294
1.89462023155
1.83337276759
1.80300210719
1.76149558593
1.73314974148
1.73011263432
1.72960647742
1.73061883551
1.73618678055
1.75137209136
1.79136006275
1.80350831699
1.75795241804
1.74732270382
1.72100157593
1.73314982814
1.73821159021
1.71087795534
1.71189030748
1.72606325953
1.7382115033
1.73061876629
1.72251996222
1.67747017947
1.65216130558
1.64558099932
1.63444518919
1.64153167301
1.63292674354
1.60660547559
1.59850665524
1.59698815622
1.5893954963
1.58180286912
1.55041983095
1.56712367183
1.57218544237
1.55700009355
1.55598774994
1.53979001454
1.5327034745
1.54485172201
1.54282697699
1.56864199377
1.53827132998
1.53877750451
1.53978986056
1.55143193413
1.5392836301
1.53725895771
1.53725895771
1.54333307638
1.54080223551
1.53017255935
1.53219726018
1.55548138946
1.56762963669
1.58585200095
1.57674075455
1.60711136282
1.61672872628
1.58888895722
1.57623454437
1.57775307891
1.58433337131
1.58737043536
1.59648162401
1.59293833936
1.58483947236
1.58382708343
1.55801211426
1.54535772835
1.55092567591
1.55092567591
1.53219716824
1.53118487368
1.53270339787
1.5210612818
1.56459249411
1.56104926813
1.55497520931
1.56104933057
1.57269139015
1.55902466803
1.5585185349
1.55649377718
1.54890110183
1.56864199377
1.56762960533
1.56003689705
1.53675272947
1.55345656954
1.57876540592
1.55699978215
1.53320950343
1.53523421573
1.50536975579
1.47145595019
1.46386332353
1.45171505341
1.46285094384
1.46487565676
1.45728302893
1.44817184287
1.44513474006
1.43602353955
1.43551743046
1.43551743046
1.46538185874
1.46183860646
1.46335713394
1.47094978285
1.4729744959
1.47702391192
1.45475207794
1.44766554914
1.44057911068
1.4577891146
1.46639411299
1.46791264595
1.4719620562
1.4638631625
1.46335704613
1.45272738226
1.45019646874
1.45424588321
1.45171493727
1.45222110784
1.46285082681
1.46892494445
1.49322143486
1.50790055573
1.50638196033
1.50182633317
1.50081399302
1.49220892619
1.50941893111
1.50941893111
1.51346834314
1.52409805072
1.54434512462
1.53624626851
1.53978950641
1.53270296871
1.53422149489
1.54383884775
1.57825886138
1.57167849432
1.56560440848
1.54535731111
1.55851791149
1.56104879981
1.55548081393
1.5671228726
1.59445641568
1.60964170851
1.59749345931
1.59091323492
1.59040708686
1.5883823572
1.58990089315
1.58787617276
1.5893947016
1.59445646352
1.55396231749
1.5610487842
1.55244373548
1.54434487753
1.55750546879
1.5519375506
1.55041894721
1.56054247771
1.57522160337
1.56054241529
1.55396209994
1.56155475526
1.56459182134
1.57420917164
1.58028329711
1.57015969843
1.56003621063
1.55851763096
1.5367520533
1.54181381134
1.53725817371
1.53371488656
1.53827046855
1.5443445841
1.54636929502
1.54080128021
1.52257897768
1.53422103463
1.51448020781
1.50587523843
1.49625793769
1.49068997454
1.48664050985
1.49625786288
1.51144316519
1.5225790538
1.5119492962
1.52713459067
1.52612228339
1.53017170246
1.52865314898
1.51093694675
1.51397400169
1.49980107543
1.49625778807
1.51194926596
1.52106044522
1.50638125233
1.49727000455
1.51701088083
1.52004793863
1.53320852218
1.52662820046
1.51549226403
1.52055403162
1.50840584737
1.51093673522
1.50486262195
1.50334407933
1.50789966607
1.52308495382
1.51954166459
1.50941816131
1.51650463259
1.51194908453
1.49777609246
1.49119573217
1.48107222665
1.47752900751
1.50233164756
1.5063810565
1.53118369467
1.52409728867
1.52966522295
1.52106021706
1.51498615898
1.5008132126
1.52612203921
1.5190355136
1.50587496737
1.52612202395
1.51954172537
1.54535672387
1.54586289562
1.56155436487
1.55952971791
1.57015943151
1.56813476129
1.56155444295
1.56560386052
1.57066562257
1.55244326975
1.55345562193
1.55092477637
1.54181359549
1.53928278349
1.52460366265
1.52004810584
1.53067781392
1.53523340205
1.53118404684
1.51397406225
1.52409759349
1.53371494791
1.53573965196
1.544850826
1.54130760905
1.55497436962
1.54991263207
1.55092497799
1.5413075474
1.53169017149
1.53118403153
1.51650495106
1.51043080723
1.50840607363
1.50536894289
1.49119604532
1.50435663678
1.49777627219
1.49727010936
1.5104307015
1.50486281758
1.49929491801
1.50081345273
1.49878872157
1.4977763321
1.50486280253
1.49878867661
1.48664043551
1.49423307654
1.49676395294
1.50131953729
1.50789983194
1.50385038562
1.4952454036
1.4952454036
1.49018361355
1.49271449759
1.50385038562
1.50638126739
1.50688745133
1.49828247129
1.50638129752
1.50283809378
1.49878875154
1.50081345273
1.50891227404
1.51751726771
1.51043082233
1.5134678891
1.51397406225
1.51346787397
1.50891224386
1.50688758695
1.50182588262
1.50739382044
1.50941852357
1.5038506112
1.50739385059
1.51346796477
1.52257914516
1.52055439656
1.52055439656
1.50992473156
1.49494183979
1.49777642197
1.50015544529
1.50476164905
1.50638141803
1.50891230422
1.51392345095
1.50967152332
1.51984567931
1.5144296553
1.51048154345
1.51017781615
1.51564451803
1.51017777085
1.51807413176
1.51341730985
1.51448028353
1.51245556645
1.51098768486
1.51093706762
1.52217419297
1.51736549322
1.52571741108
1.5134678891
1.51650495106
1.51022842306
1.49934569998
1.48810859303
1.47849120683
1.4795541804
1.48441348247
1.48745054814
1.49387898526
1.49752345392
1.49220861282
1.49706790171
1.4936765485
1.49671360264
1.49479006605
1.49787774997
1.50876054545
1.50445797365
1.50435672704
1.51372099236
1.51341721904
1.50865911489
1.50901343491
1.50582449129
1.51068378026
1.52004804504
1.52106039959
1.51296155233
1.50992445977
1.51032940031
1.51599858362
1.50714050912
1.5028380487
1.50455904654
1.51189860139
1.51144298382
1.51594795012
1.51508743919
1.51108865243
1.49727000455
1.50288855993
1.48183155962
1.48588097117
1.48512173145
1.49271437817
1.49190450186
1.49347364632
1.49327114502
1.49529585403
1.49170204924
1.48820944557
1.49640950134
1.50415399854
1.51534049508
1.50359718861
1.50997501289
1.52004792343
1.52516030556
1.52591956677
1.53503074927
1.52708381429
1.5173146775
1.51523934948
1.51043065618
1.51442944328
1.50941832735
1.50693812881
1.51792216497
1.51888390624
1.52242713845
1.52283208179
1.52516048858
1.52637530491
1.52845063114
1.52495799121
1.52703331446
1.52951357946
1.52860241383
1.52718513966
1.53042467605
1.53584076838
1.53108274706
1.52318640989
1.52622346865
1.52561600001
1.52561600001
1.52607155593
1.52662835312
1.53766300245
1.53619508164
1.53902966925
1.53882714627
1.53821973722
1.55826433009
1.55639148777
1.55456924273
1.55755568358
1.56120015083
1.57390517398
1.56570515836
1.56611010207
1.56251625056
