FTADIV
5.62071
5.72418
5.871754
5.923737
5.926518
5.933049
5.9592
5.97261
5.97128
6.000559
6.01592
6.013376
6.034677
6.063225
6.087873
6.098152
6.094788
6.075172
6.086198
6.086875
6.050268
6.018364
6.035624
6.04
6.01614
5.817636
5.961607
6.124145
5.854505
5.799465
5.62483
5.450078
5.81672
6.000975
6.359904
6.202153
6.414272
6.403969
6.433831
6.16339
6.61329
6.484257
6.633352
6.757528
6.29599
6.222568
6.306542
6.031269
6.11204
6.148116
6.164086
6.232488
6.263212
6.254398
6.260461
6.260497
6.30252
6.239067
6.202401
6.157172
6.159888
6.33738
6.37098
6.404244
6.404994
6.439345
6.455997
6.462176
6.465088
6.47177
6.4771
6.487556
6.451944
6.46603
6.470352
6.493872
6.551768
6.5816
6.6248
6.612076
6.628765
6.632367
6.63552
6.740206
6.83928
6.894112
6.892833
6.953408
7.093569
7.174808
7.131888
7.180922
7.192479
7.30431
7.298356
7.299264
7.363368
7.40945
7.440339
7.43786
7.41472
7.496475
7.54636
7.554999
7.57834
7.59033
7.652653
7.635927
7.673494
7.722092
7.788688
8.160277
8.145564
8.148924
8.163337
8.163718
8.328404
8.350748
8.343309
8.330197
8.288671
8.34316
8.404224
8.762931
8.76826
8.862945
8.93142
8.952957
9.113028
9.168774
9.238904
9.296805
9.335028
9.374113
9.447114
9.5709
9.802023
9.90551
10.1313
10.16155
10.34193
10.37938
10.47704
10.51155
10.57652
10.63335
10.90676
11.09444
11.25914
11.44935
11.58226
11.77009
11.97058
12.05615
12.16203
12.29311
12.29021
12.37952
12.50036
12.56909
12.6555
12.80707
12.98695
13.05651
13.31529
13.37448
13.51493
13.70679
13.80078
13.94001
14.13871
14.31779
14.44351
14.20991
15.61737
16.34922
16.95985
17.13114
17.36782
17.58287
17.73758
17.98905
18.4124
18.65799
18.83714
18.98478
19.14615
19.20046
19.27605
19.27656
19.17551
19.20922
19.26826
18.98231
19.07782
19.01232
19.03482
19.14791
19.11398
19.07988
19.16376
19.18639
19.26886
19.32899
19.35214
19.63787
19.8024
20.03596
20.29982
20.52585
20.6307
20.62961
20.76126
20.83672
20.89703
20.94493
20.93116
20.94868
21.04522
21.2696
21.44321
21.59165
21.85725
21.91123
22.18209
22.2897
22.40763
22.55057
22.66789
22.92404
23.97808
24.28746
24.6662
24.88503
25.40049
25.75027
26.45729
26.50554
27.63262
28.11677
28.39189
28.50634
29.63224
29.85595
30.17955
30.45928
30.77802
30.91806
31.27704
31.50508
31.74444
32.02418
32.09352
32.5714
33.07147
32.75605
33.19886
33.74527
33.9616
33.86962
34.72031
34.92495
35.24686
36.38029
36.43573
36.2505
37.09696
36.8352
37.236
37.8907
38.20248
38.45789
39.2527
39.61342
40.12721
40.47968
40.85712
41.27673
41.2639
41.68494
42.13839
43.41244
43.84408
44.1594
45.11512
45.28668
46.01068
47.23188
47.33056
47.89408
48.82159
49.954
50.89094
50.10048
50.57831
52.17251
52.41152
53.11694
54.78391
55.34148
56.10546
57.37254
57.58768
58.3225
59.16612
59.21906
59.43156
59.94398
59.7448
59.7373
60.0732
61.8834344436
62.1478187186
62.494525848
62.6806181365
63.3004534744
64.3486114537
64.3440284869
64.3543631209
64.7449637468
64.9382191076
65.2316284751
65.3900709984
65.1060790157
65.0192683084
65.1501627403
65.0960330036
64.7704805519
65.0325886492
64.8130916486
64.2304273207
64.3787888475
64.2312264974
64.3399221835
64.7059046682
64.8691411586
64.8060947526
64.2174021615
60.4902321909
60.0268408879
60.5424574599
60.5717963194
60.7813850593
61.3745173996
61.8128532552
62.0964352635
62.1498325127
61.89255774
62.0338108578
63.2200820979
63.4767173105
63.755604839
64.501690419
64.7106833295
65.2461918581
65.5792670663
65.8265843813
66.3885346172
67.015762613
66.6628413653
67.512360747
69.3826201152
69.8954750998
70.2583057014
71.3361130276
71.8485886492
72.5051358258
72.9938690114
73.0408772198
73.6844517139
74.4754639259
74.4754639259
