FTAPRICE
109.14
107.8
106.18
107.12
106.21
100.39
99.32
100.38
106.63
112.37
111.2
110.54
114.51
115.49
112.53
112.72
117.66
119.59
107.53
97.39
100.17
96.14
96.88
100
102.84
97.94
105.89
114.47
109.43
113.05
109.22
109.22
122.2
134.25
146.88
137.52
151.28
146.88
158.86
168.86
177.3
183.69
192.83
203.54
187.94
182.48
182.27
187.89
191.6
175.16
174.62
167.54
155.03
155.97
143.26
146.96
150.06
142.12
150.91
158.69
157.14
150.89
151.69
138.62
131.79
132.77
137.07
135.76
144.31
142.55
136.36
140.12
141.49
134.15
146.72
165.66
168.86
173.2
182
183.16
181.61
178.77
184.32
197.66
203.55
213.44
214.73
225.76
215.61
208.57
220.12
223.01
201.47
208.1
219.83
217.24
197.94
189.5
190.29
194.2
197.2
190.75
181.84
175.29
181.3
185.13
160.77
150.61
142.63
139.64
118.73
131.83
118.74
107.79
99.19
90.91
80.39
81.63
69.01
63.98
103.35
125.65
119.04
141.11
151.7
137.41
126.15
144.17
147.46
155.14
157.93
167.51
178.49
174.24
173.98
183
167.27
167.89
161.07
153.73
143.24
132.39
141.2
166.85
182.04
186.55
187.08
197.41
203.97
208.17
206.09
228.99
243.8
234.1
226.06
230.64
220.65
207.71
219.69
226.47
236.11
228.29
245.5
249.17
249.35
238.83
245.28
240.47
243.4
255.78
290.92
298.91
286.01
271.7
261.16
268.02
275.77
259.17
250.98
243.53
264.74
281.96
260.43
267.69
257.69
280.84
295.01
292.69
300.25
313.44
322.82
307.84
302.96
317.43
325.56
352.08
335.12
335.34
331.84
345.65
290.36
305.03
328.26
327.61
348.06
335.69
351.73
361.66
369.76
351.47
364.5
383.45
402.35
419.25
426.47
423.13
428.04
434.62
446.82
475.83
473.36
492.96
482.5
489.09
483.27
475.26
493.56
502.24
534.62
534.36
564.19
585.24
537.39
532.87
516.27
565.94
577.67
595.63
626.59
644.88
669.62
661.4
673.46
691.11
701.85
656.45
676.44
710.76
691.97
736.1
755.82
753.51
760.51
822.51
901.13
890.11
869.08
902.28
849.04
903.19
855.18
886.42
883.38
916.38
1009.3
1098.5
1100.8
1151.1
1241.2
1271.5
1312.8
1273.44
1330.6
963.83
876.14
977.77
1001.4
1004.3
980.14
1024.2
1020.3
1053.7
1061.6
981.32
1018.4
1058.1
1004.6
1002.8
1148.8
1151.3
1184.99
1209.54
1223.34
1297.94
1334.52
1288.21
1188.47
1241.05
1310.62
1269.3
1225.01
1215.52
1140.35
1265.13
1286.22
1259.98
1158.51
1068.52
1098.25
1135.69
1137.75
1105.06132935
1197.4531545
1301.9692885
1330.79868655
1316.01774375
1310.5623514
1321.2326178
1360.55735985
1383.4393963
1361.38824125
1323.1567642
1264.7982785
1315.27432355
1332.3620555
1310.8684656
1339.4245474
1432.97523345
1377.80908155
1280.8911393
1218.7936873
1264.80921115
1335.36853425
1404.8017944
1447.55938855
1477.656974
1514.16109235
1547.407281
1523.6834305
1527.4005315
1552.3707041
1545.1988857
1638.31226575
1645.4294209
1688.875772
1678.28203415
1780.7974932
1869.86579275
1868.48827885
1770.870647
1729.6108259
1704.69531655
1637.0987416
1659.2482905
1739.89844955
1698.94474265
1658.10036225
1676.4781469
1642.5432013
1641.94190555
1646.64294505
1651.9671456
1713.1243897
1765.28406285
1796.87942135
1837.559812
1878.37139445
1905.8451439
1902.1061776
1918.86593005
1949.6194745
1949.6194745
