FTARET
0.0765838925708
0.0393843921212
0.0386831953755
0.0626390297684
0.0457673383579
0.00106382523747
0.0475532680605
0.068413122313
0.114890099087
0.104455136405
0.0422207061757
0.0470189493547
0.0866430012953
0.0596900772761
0.0267232289139
0.0543743371075
0.093395224019
0.0658218953737
-0.0512431418302
-0.0384217206129
0.0867914020833
0.0196554548768
0.0681040055829
0.090343282176
0.0848570080024
0.00888337400477
0.132818009015
0.13002991475
0.00709024976207
0.0825726168933
0.0157517141606
0.0486949215388
0.158796683665
0.137774449513
0.132300959975
-0.0217339842214
0.136888810104
0.0131597833263
0.118108757234
0.0968963109301
0.0853944272945
0.0700975808677
0.0823809660491
0.0867143562718
-0.0467886826692
0.00404929823001
0.032863404848
0.0619631425583
0.0509549434709
-0.055211983196
0.0316035822394
-0.00486528097463
-0.037998227555
0.0453619030267
-0.0422304347216
0.067216879599
0.0620167165419
-0.011399750273
0.100289707976
0.0883351817507
0.0286357005472
0.00055591010906
0.0464298134092
-0.0449380361594
-0.00307068867775
0.0547691326119
0.0778978746468
0.0368987103341
0.104900622062
0.0321286392074
0.00201200472518
0.0724608824644
0.0543207282065
-0.0061960589503
0.13272270195
0.159862673036
0.0571986748777
0.0626728116307
0.0853128606543
0.0418170649877
0.0273510958352
0.0206668893101
0.0659404579178
0.103406488649
0.0624111460472
0.0792334102677
0.0376212238415
0.0804262629215
-0.0136308879256
0.000625044635593
0.0857843247453
0.044736208045
-0.0664985999635
0.0668762868793
0.087496569212
0.0211960668408
-0.0565140040157
-0.0052199760696
0.0425151536679
0.0579240918706
0.0522402403314
0.00529263760827
-0.00717450890139
0.00551161438996
0.0746613588553
0.0610869528731
-0.0945816692374
-0.0158244492385
-0.00203717089538
0.0326389043964
-0.0986776537551
0.16472096252
-0.0382276043858
-0.0238726936364
-0.00405928071667
-0.00117300345727
-0.0244026524329
0.112705945997
-0.0538134857858
0.0467137349318
0.556696969741
0.259667467744
0.0141785460723
0.23032823733
0.128556437935
-0.0364305236594
-0.0170914495926
0.193769564082
0.0825293749051
0.108190473369
0.07467676743
0.1129057424
0.114467776355
0.0283037661825
0.0513837304955
0.101524047527
-0.0329295934283
0.0610247963437
0.0195310540884
0.0173658754914
-0.00096364636061
-0.00329094398755
0.136001411599
0.228012979498
0.143606064112
0.0799075634068
0.0595008601047
0.108424003118
0.086420443765
0.0739228963011
0.0446354834827
0.155487993912
0.110602536324
0.00961787361031
0.0174547634543
0.0719856871952
0.00992375786366
-0.00254336303734
0.111414676379
0.0844096333019
0.0938981998356
0.0209018343506
0.124228458554
0.0659117250101
0.0527451656256
0.0113826550605
0.0802839702489
0.035629633405
0.0672616833779
0.102678240388
0.176186549881
0.0738823741406
0.00515050845238
-0.000350014046624
0.0185149481887
0.0851402179055
0.0881885654571
0.00192417290234
0.0347997578319
0.0395795112673
0.148359046386
0.124864414614
-0.011118469238
0.0948737083615
0.0324793770807
0.151440925263
0.112105043144
0.0556427823491
0.0877247756997
0.102675495397
0.0871896541252
0.0130157871028
0.0456800089165
0.104736737177
0.0822367469228
0.130904096163
0.00587573965642
0.0561855643795
0.0455101612493
0.0945040997711
-0.110391844231
0.11028963082
0.13043757949
0.055342965859
0.114660338696
0.0206660619989
0.101447959312
0.0817605396531
0.07559556802
0.00602855177087
0.0914583980949
0.103085361555
0.0984259362549
0.0896494418094
0.0649119531921
0.0404512849737
0.0592791936178
0.0623298355385
0.0737081768956
0.106634579483
0.0390994803834
0.083439740594
0.0228568114872
0.0573910764668
0.0329067349011
0.0291199474285
0.0821820082514
0.0613548366881
0.104003871477
0.0415188419354
0.0959429882697
0.0772929270293
-0.0404201746159
0.0371957637543
0.0163803725546
0.136353420959
0.0652968552474
0.0741552075968
0.0938280221718
0.0714481109814
0.0791718840259
0.02984546194
0.0611292917597
0.068163307248
0.0575218813203
-0.0215174748794
0.0744924623879
0.0920715157305
0.0174160311336
0.103732780065
0.0675792168588
0.0385607178423
0.0505808324478
0.117207408227
0.127331480985
0.0238345680484
0.0135785791167
0.0742072931094
-0.0215978805711
0.0986406093626
-0.0148234958127
0.0745225315833
0.0356891326969
0.0756078809052
0.13204483871
0.117155781717
0.0352361739467
0.0761794858013
0.104919448895
0.0534832609179
0.0606495887736
-0.000687401044485
0.072981315736
-0.282192463322
-0.0506068944039
0.150314536745
0.063869479559
0.043169607002
0.0168872720956
0.0838652440858
0.0366548142065
0.0725849720625
0.0479393569662
-0.0346169934694
0.0804362476147
0.0801514817441
-0.00710325182228
0.0442310732795
0.176295726148
0.0429318118578
0.0692164927947
0.0609757172711
0.0521026902696
0.097067218738
0.0649927268176
0.0043833518155
-0.0374316275995
0.0852004329787
0.0954924941282
0.0106415339994
0.00926558414972
0.0383428940152
-0.014570490466
0.148908619525
0.0615061662239
0.025317095431
-0.0339336599805
-0.0262772984144
0.0804153752092
0.0847856908174
0.053265513769
0.0253363924732
0.130894147782
0.130564611343
0.0679257609437
0.0358100389
0.0437786588288
0.0556600831205
0.0755447607687
0.0624161671209
0.0305295154633
0.0196387000078
0.00530017879922
0.0874464693892
0.0605547471513
0.0322409288355
0.0690061522457
0.111721040866
0.00686168542105
-0.0235771476857
0.00166384267929
0.0867066407917
0.101265020988
0.0954710546308
0.0737124996112
0.0635424490822
0.0663132466158
0.0623812389818
0.0234821144856
0.0409839881432
0.0544746696421
0.0338205680735
0.0949423316329
0.0409559740535
0.0620078143898
0.0300395168246
0.0935954260641
0.0813693567252
0.0319238194287
-0.018580853677
0.0124677018155
0.0222075506551
-0.00181715600231
0.0516977596741
0.0842760595598
0.0140542219383
0.014597478294
0.0498586886725
0.0195401695228
0.0394313267879
0.0430407961148
0.044370093993
0.0763416927918
0.0690211747023
0.0566720960196
0.0607419506219
0.0598402719617
0.0521051937594
0.0357172984287
0.0464536303157
0.0533883065638
0.037488444411
