LGEN
176
184
184.669998169
190.669998169
188.669998169
192
179.330001831
173.330001831
170.669998169
161
164
160
157.669998169
161
162.669998169
160.330001831
152
161
157
149.330001831
150.330001831
145.330001831
143.669998169
146
144.330001831
143.669998169
143.669998169
155.330001831
156
166.669998169
165
166.669998169
170
173.330001831
181
178.330001831
172.669998169
171
166.669998169
171
171
175.330001831
166
157.669998169
158.669998169
159.330001831
167
166.669998169
176.669998169
179.330001831
186.669998169
183.330001831
185.330001831
183.330001831
190.330001831
190.330001831
189.330001831
188.330001831
196
197.669998169
195
202
214.330001831
212
228.330001831
226.669998169
225
220.330001831
223.330001831
221
232
231
232
226
230
246.669998169
247.330001831
239.669998169
227.330001831
230.669998169
222.330001831
228
221.330001831
221.330001831
229
239.669998169
239.669998169
244.669998169
231.330001831
222.330001831
224
220.669998169
226.330001831
231.330001831
235.669998169
236.330001831
235.669998169
238
249
254.669998169
258
254
245.669998169
242.330001831
242.330001831
249
239
240.669998169
231.330001831
239.669998169
241.330001831
248
244
254
273
278
260.670013428
258
253
246.330001831
249.669998169
251.330001831
253
243
243
251.330001831
250.669998169
250
248
273
271
275
281
261
246
245
245
271
263
271
276
258
246
233
233
233
228
228
232
250
238
240
240
243
247
247
247
260
268
264
269
274
287
307
300
283
298
308
304
285
275
274
272
267
282
290
306
303
312
327
360
348
352
372
352
350
328
328
305
330
303
310
333
320
365
360
361.799987793
383
343
262.739990234
277
258.260009766
272
249.25
257
235
257
263
292
280
280
277
276.75
285
258
262
262
278
290
263
296
270
268
273
265
276.5
270
270
268
260
262
282
303
303
303
311
336
322
317
328
332
325
326
308
296
295
306
302
310
312
303.5
315.5
312
297.5
286
291
283.5
279
285
280
289
291
291
303
315
332
334
328
321
322
336
322
345
341
333
322
320
318
315
326
321
326
311
309
314
308
312
308
316
331
348
351
358
354
351
372
373
374
359
353
359
362
341
351
349
363
385
378
372
402
409
406
417
423
432
413
389
406
416
401
394
386
373
380
378
377
373
377
367
358
356
357
357
383
389
398
413
417
413
440
410
423
431
411
395
387
387
365
384
367
375
371
360
397
391
370
359
350
355
372
391
396
390
384
370
365
361
366
362
368
388
386
395
416
424
437
469
451
465
469
466
452
440
460
447
430
420
427
415
433
430
401
425
414
419
430
443
435
457
439
443
442
437
443
422
415
382
396
362
368
388
384
374
363
353
361
349
365
382
363
383
368
368
358
351
370
363
362
363
366
334
319
377
388
373
374
403
410
409
397
386
381
383
395
375
357
346
336
338
312
316
310
290
315
315
352
361
350
347
358
375
384
400
405
404
408
406
418
432
431
414
436
441
434
450
454
439
470
471
478
471
489
471
452
455
449
457
447
446
455
467
472
455
457
469
474
477
485
497
470
468
496
479
489
486
468
495
487
467
497
522
511
540
525
484
479
493
508
532
524
501
