R20
4.33
4.23
4.36
4.57
4.36
4.11
4.2
4.19
4.15
4.22
4.13
4.1
4.04
3.94
3.95
4.02
3.98
3.94
3.78
3.8
3.78
3.83
3.79
3.79
3.76
3.71
3.65
3.61
3.35
3.36
3.35
3.35
3.38
3.51
3.64
3.85
3.83
4.15
4.21
4.33
4.47
4.84
4.68
4.5
4.64
4.7
4.84
4.87
5.02
4.85
5.12
5.25
5.27
5.2
5.35
5.33
5.5
5.29
4.91
4.93
5.08
5.11
5.43
5.55
5.6
5.75
5.98
5.84
5.89
5.81
5.66
5.65
5.64
5.45
5.46
5.45
5.46
5.49
5.36
5.35
5.36
5.36
5.2
5.2
5.24
5.22
5.28
5.18
5.13
5.21
5.33
5.06
5.04
5.21
5.34
5.43
5.53
5.59
5.62
5.92
5.97
5.95
5.97
5.97
5.97
6.01
6.01
6.04
6.05
6.01
6.08
6.33
6.52
6.63
6.65
6.33
6.34
6.41
6.35
6.26
6.25
6.24
6.25
6.24
5.98
5.77
5.27
5.37
5.42
5.36
5.54
5.74
5.69
5.5
5.31
5.28
5.2
5.22
5.21
5.26
5.51
5.63
5.64
5.85
5.76
5.93
5.9
5.97
6.02
6
6
6.06
6.23
6.41
6.41
6.43
6.53
6.61
6.76
6.78
6.8
6.65
6.35
6.37
6.4
6.59
6.52
6.61
6.77
6.78
6.82
7.03
7.29
7.41
7.29
6.96
6.97
6.78
6.58
6.49
6.5
6.46
6.65
6.86
6.92
6.9
6.98
7
7.22
7.2
7.28
7.28
7.29
7.34
7.5
7.87
7.63
7.63
7.64
7.7
7.93
8.17
8.47
8.61
8.81
8.9
9.46
9.31
9.19
9.49
9.21
8.95
9.29
9.04
9.03
8.79
8.75
8.94
9.4
9.58
9.33
9.19
9.28
9.15
9.51
9.62
9.51
9.35
9.07
9.07
9.03
9.08
9.22
8.96
8.5
8.51
7.79
8.1
7.93
7.9
8.16
8.26
8.6
9.32
9.23
9.36
9.54
9.46
9.45
9.62
9.56
9.65
10.01
9.93
10.02
10.15
10.6
11.3
11.55
11.28
12
12.5
12.89
13.5
13.68
14.21
13.8
14.38
14.88
15.29
14.95
15.68
16.75
17.18
16.02
14.58
13.43
13.89
14.53
14.41
13.93
13.87
13.79
14.66
14.81
14.79
13.79
13.46
13.88
13.77
13.59
14.09
14.16
14.33
14.79
16.03
15.79
15.48
14.48
13.93
13.25
13.05
12.69
13.26
13.62
13.12
11.88
10.98
11.28
11.16
11.06
11.75
11.72
12.39
12.72
12.79
12.72
12.55
12.64
12.91
13.16
13.22
13.68
13.94
12.35
11.68
11.94
12.69
12.25
12.3
12.6
13.16
14.54
14.72
14.17
14.45
14.7
14.27
14.01
13.78
13.07
13.58
13.38
13.12
13.22
13.67
13.96
13.89
13.68
13.64
14.31
14.57
15.14
15.09
15.59
15.95
15.44
15.65
15.58
14.74
13.72
13.96
13.69
13.56
13.2
12.23
11.4
10.5
10.64
11.34
11.6
11.5
10.97
10.56
10.65
10.39
10.95
11.07
10.67
10.61
10.29
10.35
10.28
10.42
10.23
10.4
10.93
11.15
11.67
10.98
10.78
10.69
10.32
10.46
10.96
11.06
10.9
10.68
10.88
10.7
10.44
10.37
10.39
10.22
10.37
10.45
10.8
10.4
9.39
8.76
9
9.23
9.37
9.41
9.97
10.62
10.8
10.69
10.09
9.83
9.16
9.12
8.82
8.9
9.23
9.2
9.98
9.88
9.2
9.57
9.57
9.38
9.12
9.12
9.27
9.32
9.51
9.47
9.6
9.23
9.3
9.46
9.35
9.15
9.26
9.52
9.52
9.88
9.53
9.37
9.62
9.81
9.99
9.96
10.28
10.72
11.46
11.77
11.49
11.01
11.03
11.41
11.32
11.12
10.94
10.4
10.22
9.89
10.06
9.99
10.15
10.34
10.1
9.89
9.54
9.62
9.68
9.56
9.34
9.21
9.54
9.33
8.99
9.02
8.9
9.13
9.12
9.24
8.84
8.84
8.92
8.63
8.33
8.39
8.6
8.39
7.96
7.39
7.18
7.09
7.06
6.46
6.41
6.83
7.47
7.83
8.24
8.55
8.41
8.52
8.72
8.63
8.53
8.44
8.61
8.52
8.5
8.39
8.18
8.16
8.36
8.24
8.09
8.34
8.01
7.94
