R20Q
4.11
4.23
4.36
4.19
4.13
3.94
3.98
3.8
3.79
3.71
3.35
3.35
3.64
4.15
4.47
4.5
4.84
4.85
5.27
5.33
4.91
5.11
5.6
5.84
5.66
5.45
5.46
5.35
5.2
5.22
5.13
5.06
5.34
5.59
5.97
5.97
6.01
6.01
6.52
6.33
6.35
6.24
5.98
5.37
5.54
5.5
5.2
5.26
5.64
5.93
6.02
6.06
6.41
6.61
6.8
6.37
6.52
6.78
7.29
6.96
6.58
6.46
6.92
7
7.28
7.34
7.63
7.7
8.47
8.9
9.19
8.95
8.98
9.33
9.11
9.4
9.68
9.13
9.22
8.51
7.74
8.23
9.32
9.48
9.6
9.97
10.96
11.34
13.43
14.25
14.98
16.59
15.15
15.05
14.19
15
13.22
13.78
14.36
16.23
13.95
13.02
13.5
10.76
11.46
12.72
12.62
12.97
14.05
11.62
12.56
13.45
14.07
14.09
13.11
13.15
13.86
13.8
15.04
15.96
14.89
13.91
13.02
10.25
11.98
10.62
11.21
10.48
10.35
10.57
11.67
10.69
10.96
10.68
10.44
10.22
10.8
8.76
9.37
10.62
10.09
9.12
9.23
9.68
9.57
9.12
9.51
9.23
9.26
9.88
9.62
9.96
11.46
11.01
11.32
10.42
10.06
10.34
9.54
9.56
9.54
9.02
9.12
8.84
8.33
8.39
7.18
6.46
7.47
8.55
8.72
8.44
8.5
8.16
8.09
7.75
