RPI
57.0999984741
57.0999984741
57.2999992371
58.4000015259
58.5999984741
58.7999992371
58.7999992371
58.9000015259
58.9000015259
59
59.2000007629
59.5
59.5999984741
59.5999984741
59.7999992371
60.5
60.9000015259
61.0999984741
60.7999992371
61.2000007629
61.0999984741
61.2000007629
61.5999984741
61.7000007629
61.7999992371
61.7999992371
61.7999992371
62.2999992371
62.2999992371
62.5
62.0999984741
62
61.9000015259
62.4000015259
62.7999992371
63.2000007629
63.4000015259
63.7000007629
63.9000015259
65.0999984741
65.0999984741
65.4000015259
65.4000015259
65.5
65.5999984741
65.9000015259
66.0999984741
66.9000015259
67.3000030518
67.6999969482
67.9000015259
68.6999969482
68.5999984741
68.9000015259
68.9000015259
68.6999969482
68.9000015259
69.4000015259
69.5999984741
70.0999984741
70.5999984741
71
71.4000015259
72.5
72.6999969482
72.9000015259
73.5
73.4000015259
73.8000030518
74.5999984741
75.0999984741
75.5999984741
76.5999984741
77.0999984741
77.6999969482
79.4000015259
79.9000015259
80.4000015259
80.9000015259
81
81.0999984741
81.5
82
82.4000015259
82.9000015259
83.3000030518
83.5999984741
84.4000015259
84.8000030518
85.3000030518
85.5999984741
86.3000030518
86.8000030518
88
88.3000030518
88.6999969482
89.3000030518
89.9000015259
90.4000015259
92.0999984741
92.8000030518
93.3000030518
93.6999969482
94
94.8000030518
96.6999969482
97.4000015259
98.0999984741
100
101.699996948
102.599998474
106.099998474
107.599998474
108.699996948
109.699996948
109.800003052
111
113.199996948
115.199996948
116.900001526
119.900001526
121.900001526
124.300003052
129.100006104
134.5
137.100006104
138.5
139.300003052
140.5
142.5
144.199996948
146
147.899993896
149.800003052
150.600006104
153.5
155.199996948
156
156.300003052
158.5
160.600006104
163.5
165.800003052
168
172.399993896
174.100006104
175.800003052
180.300003052
181.699996948
183.600006104
183.800003052
184.699996948
185.699996948
186.5
187.399993896
188.399993896
189.5
190.600006104
191.800003052
194.600006104
195.699996948
197.199996948
198.100006104
199.399993896
200.199996948
201.100006104
202.5
204.199996948
207.199996948
208.899993896
210.600006104
214.199996948
215.899993896
219.600006104
229.100006104
230.899993896
233.199996948
235.600006104
237.699996948
239.399993896
245.300003052
248.800003052
252.199996948
260.799987793
263.200012207
265.700012207
267.899993896
268.5
270.200012207
271.899993896
274.100006104
275.600006104
277.299987793
279.799987793
284
292.200012207
294.100006104
295.799987793
297.100006104
299.299987793
301
303.700012207
306.899993896
308.799987793
310.600006104
310.700012207
313.399993896
319.700012207
322
322.899993896
323
323.100006104
322.899993896
324.5
326.100006104
323.5
325.899993896
327.299987793
327.899993896
332.5
333.899993896
334.700012207
336.5
338
339.5
340.700012207
341.899993896
342.799987793
342.600006104
344
345.100006104
349.700012207
351
351.899993896
351.5
354.799987793
355.5
357.700012207
358.799987793
358.5
359.799987793
362.700012207
366.100006104
373.899993896
375.600006104
376.399993896
375.700012207
376.700012207
376.5
377.100006104
378.399993896
378.899993896
379.700012207
381.100006104
381.600006104
385.299987793
386
385.799987793
384.700012207
385.899993896
387.799987793
388.399993896
391.700012207
393
394.5
396.079986572
396.869995117
401.600006104
402
402
401.600006104
402.790008545
403.970001221
405.940002441
407.910003662
407.519989014
407.519989014
409.100006104
410.679992676
417.380004883
418.959991455
420.540008545
420.929992676
425.670013428
427.640014648
431.980010986
433.950012207
435.130004883
437.899993896
441.049987793
443.019989014
450.910003662
453.679992676
455.25
455.649993896
456.829986572
459.989990234
463.540008545
467.480010986
468.670013428
471.429992676
474.190002441
478.920013428
493.519989014
497.859985352
499.829986572
500.230010986
505.359985352
510.089996338
514.030029297
512.849975586
512.460021973
513.640014648
516.400024414
518.369995117
525.08001709
526.659973145
529.030029297
527.840026855
529.030029297
531
532.969970703
534.940002441
535.340026855
534.940002441
537.700012207
539.280029297
547.570007324
549.542480469
549.542480469
547.570007324
547.964477539
549.937011719
551.909545898
551.120544434
549.148010254
544.019470215
547.570007324
549.542480469
554.671020508
556.643554688
556.249084473
555.065551758
557.432556152
559.799560547
559.405090332
558.616088867
559.799560547
557.432556152
560.588562012
562.166625977
568.873168945
570.84564209
570.84564209
568.08416748
570.84564209
572.029174805
572.81817627
573.21270752
575.974182129
575.974182129
579.524719238
581.891723633
587.809265137
590.176330566
590.965332031
588.203796387
591.359802246
594.121337891
590.965332031
590.965332031
594.515869141
