RS
2.36504166667
2.3175
2.35083333333
2.45183333333
2.46616666667
2.46841666667
2.48558333333
2.415125
2.389875
2.41816666667
2.39604166667
2.40104166667
2.40083333333
2.3835
2.36670833333
2.365625
2.34858333333
2.334375
2.13354166667
2.097375
2.09770833333
2.13058333333
2.096
2.06404166667
2.11508333333
2.04733333333
1.713875
1.60616666667
1.56166666667
1.61329166667
1.62108333333
1.58766666667
1.63779166667
1.86591666667
2.35641666667
3.81
3.797
3.906
3.937
3.969
3.971
4.005
4.072
4.071
4.104
4.072
4.071
5.218
5.165
5.008
4.955
5.136
4.977
4.027
5.091
4.991
5.02
4.858
4.553
4.148
4.099
3.914
3.921
3.854
3.845
4.121
6.605
6.603
6.459
6.375
6.127
6.014
5.523
5.179
4.816
4.294
4.159
3.76
3.625
3.584
3.305
3.152
3.107
3.276
3.287
3.283
3.382
3.452
3.484
3.488
3.472
3.386
3.4
3.687
4.538
4.554
4.621
4.652
4.556
5.681
5.546
5.588
5.565
5.09
4.639
4.349
4.165
4.399
4.485
4.407
4.436
4.537
6.688
6.7
6.552
5.727
5.389
5.403
5.242
5.531
4.405
4.052
3.816
3.921
3.887
3.752
3.635
3.858
3.689
3.717
3.491
3.426
3.756
3.709
3.635
3.702
3.761
3.723
3.674
3.745
3.739
3.721
3.758
4.307
4.302
4.302
4.384
4.464
4.654
4.656
4.703
4.698
6.63
6.627
6.543
6.442
6.549
6.375
6.364
5.542
5.63
5.559
5.559
5.44
5.395
5.521
5.483
5.62
5.604
5.638
5.659
5.728
6.679
6.726
6.747
6.513
6.738
6.527
6.08
6.035
5.495
5.412
5.248
5.275
5.345
5.291
5.475
5.726
7.553
7.484
7.52
7.374
7.108
7.08
7.241
7.242
7.059
6.945
6.577
6.493
6.789
6.777
6.728
7.711
7.782
7.798
7.85
7.88
7.83
7.79
7.811
7.743
7.738
7.65
7.55
7.6
7.27
6.94
6.19
6.87
6.85
6.82
6.82
6.81
6.81
6.82
6.79
6.75
6.66
5.92
5.65
5.59
5.57
5.75
4.83
4.63
4.48
4.36
4.36
4.37
4.34
4.3
4.27
5.21
5.6
5.79
6.44
6.74
6.88
7.76
8.21
8.08
8.07
7.67
7.33
7.06
8.27
10.91
10.97
10.77
11.73
12.46
12.09
11.92
11.95
11.52
11.36
11.23
11.2
11.24
11.06
10.93
10.98
10.99
10.59
9.88
9.5
9.26
9.47
9.43
9.71
10.43
10.36
11.42
11.1
10.82
9.99
8.76
8.46
9.06
10.44
10.96
10.87
10.88
12.05
14
14.14
13.78
12.73
11.02
9.92
8.24
7.4
7.45
7.43
6.54
5.68
4.53
4.96
6.37
5.81
5.96
5.93
6.73
8.4
9.17
9.22
8.9
8.98
9.86
11.51
11.57
11.86
12.63
11.35
11.32
11.35
12.57
13.32
13.32
13.38
13.38
15.33
15.9
15.79
16.14
16.18
16.17
16.09
15.8
14.55
14.86
14.4
14.29
13.95
13.07
12.82
12.09
11.53
11.33
11.35
12.09
13.15
13.42
13.96
15.55
14.08
14.51
14.16
13.3
12.48
12.89
12.53
12.23
11.28
10.08
9.91
8.91
9.22
9.96
10.59
10.74
10.47
9.84
9.7
9.47
9.37
9.34
9.16
8.84
8.84
8.87
8.87
8.85
8.43
8.38
8.82
8.86
10.97
10.21
10.02
9.85
9.23
9.1
10.55
12.69
12.93
11.93
11.94
11.89
11.39
10.96
11.06
11.05
11.11
11.15
11.98
12.02
11.06
9.99
9.7
9.32
9.45
9.39
9.61
10.25
10.63
10.66
10.52
10.29
9.35
9.43
8.46
8.54
8.84
9.79
9.69
9.45
8.43
8.19
8.37
8.79
8.27
7.74
7.54
8.88
10.05
11.13
11.53
11.54
12.07
12.54
12.45
12.39
12.41
12.47
12.54
13.59
13.29
13.32
13.44
14.46
14.45
14.5
14.5
14.45
14.57
14.59
14.5
14.38
14.32
14.31
14.26
13.37
12.92
12.96
13
12.39
11.64
11.25
10.84
10.72
10.52
10.2
9.66
9.86
9.98
10.1
9.97
9.8
10.1
9.97
9.43
9.42
9.43
9.65
9.16
7.47
6.49
6.39
6.05
5.37
5.38
5.33
5.3
5.19
5.13
5.06
5.17
5.15
4.95
4.87
4.89
4.76
4.83
4.88
4.81
4.88
5.09
5.34
5.39
5.44
5.63
5.87
5.93
6.16
6.09
6.3
6.2
6.37
6.62
6.59
6.52
6.53
6.38
6.22
