RSQ
0.99
2.32
2.47
2.42
2.4
2.38
2.35
2.1
2.1
2.05
1.56
1.59
2.36
3.9
3.97
4.07
4.07
5.01
4.98
4.99
4.55
3.91
3.85
6.6
6.13
5.18
4.16
3.58
3.11
3.28
3.48
3.39
4.54
4.65
5.55
5.08
4.17
4.4
6.69
5.73
5.25
4.05
3.89
3.86
3.49
3.71
3.76
3.75
3.75
4.3
4.65
4.7
6.55
6.38
5.63
5.44
5.49
5.64
6.68
6.51
6.08
5.41
5.35
5.73
7.52
7.08
7.06
6.5
6.73
7.8
7.83
7.75
7.51
6.77
6.82
6.81
6.77
5.68
5.56
4.56
4.35
4.27
5.76
6.89
8.13
7.67
10.89
10.67
12.03
11.48
11.19
10.89
10.96
9.24
10.44
11.41
9.3
9.94
10.87
14.43
11.74
7.5
7.3
4.48
5.77
6.99
9.11
10.98
12.09
11.29
13.35
13.47
15.74
16.06
14.44
14.36
12.61
11.24
13.8
15.66
13.51
12.98
11.08
8.83
10.94
9.68
9.4
8.83
8.86
8.36
11.36
9.88
11.52
11.9
10.99
11.13
12.1
9.85
9.53
10.56
10.56
9.17
8.94
8.87
8.21
7.83
10.26
11.5
12.79
14.1
13.91
15.02
15.14
14.85
14.76
13.5
11.9
11.04
9.94
10.45
10.48
9.69
8.4
6.44
5.47
5.26
5.25
4.95
4.99
4.98
5.55
6
6.21
6.73
6.65
6.31
