RSQREAL
-3.44604471221
-1.36539138175
-0.0495348286444
-0.290886394701
1.28846839816
1.43299246047
2.50423507082
0.921017415951
1.76395734001
-4.75371322989
-0.59868287919
-0.897784033543
1.68832691951
-1.25625825879
-4.09558680397
3.17715017069
1.146750052
4.45848355221
1.54934835345
0.786826267226
5.15803130894
-1.86634153471
1.81003753889
3.71234145828
4.34206563673
6.37518987239
-0.395653498998
1.04694712443
8.90706327541
2.52334066683
0.909059125005
3.03646695824
4.93478172134
3.08480651759
2.00491538227
2.62950506582
3.16333367356
-1.37172536062
2.8240496298
2.34859036931
1.17426169097
3.74484023241
3.24807851359
-1.02401510883
4.31654057542
4.0390617004
1.17363668561
0.703357744444
1.0751999691
0.371060558943
1.4986190686
2.70698086731
1.61235446962
3.05426081054
3.21308429109
2.80656689557
2.32631071399
3.01406816943
3.92240919567
4.67691402553
5.74169512237
5.40177670277
0.995319640435
2.32910200095
2.72990595505
4.13412931767
2.69663177464
0.19794486137
5.14712615657
5.73331305089
3.53151253048
1.66662233777
2.90941624569
1.41746319255
0.0768778990856
-1.75713792299
-1.40607849611
-0.088986399125
1.30271250109
-0.718084146606
1.33554466789
-2.02828693548
-1.86827218419
1.47219544937
1.17323803561
1.04281997609
-0.751173661528
-1.20983626797
-3.2376223319
2.14398801144
-2.75863216469
-7.54685411357
-15.6945681718
-5.61567398271
-0.655029566595
-0.158938979458
0.71570361344
1.58175883015
-3.05468979424
-1.56759441994
0.461303113273
1.2881428028
1.66379354833
-0.28278653665
0.340023973983
1.21703753418
3.46484221478
1.20339603041
3.56640385206
-10.0226443706
4.39771565968
0.287783444588
1.19969950137
7.91783669829
8.52462287893
6.20794407859
0.130195631638
4.71456422083
5.65646989503
9.26490850174
6.33780885856
9.50371360034
8.34317866066
6.75518648236
7.1070332724
4.13250592315
5.41455993948
6.55854509618
5.26145925213
4.39385025583
6.16341442105
5.15073241328
4.39023432506
9.44669172849
9.17386399861
8.53911889846
10.4479557679
7.66076571414
5.17622897933
6.39124386042
8.08882378052
6.45097465573
5.70798057021
6.78501428944
3.86858997908
2.24043956528
4.08011470043
6.78158076772
6.44394954762
8.40750086116
6.89867815805
8.69687711594
3.08569513452
7.89877151649
9.08975792916
10.865117694
8.69532283254
7.9161844234
6.71889193764
7.90982404955
6.11273727767
8.14956672955
7.68689881325
8.33672131941
3.38711517972
2.74971714986
3.62443958637
4.11805694714
2.02324636924
3.11557668459
2.83425832866
2.51853017373
3.230391243
3.81585436594
5.60604488667
NA
