SP500R
15.4979929114
6.42823485063
-7.62333599092
-0.480022732578
2.9546051288
-17.3947883439
-1.14714259583
14.1786982249
29.3091701867
23.5017883647
-7.32484519198
-0.661255767963
-5.92664776754
-12.3460918737
24.355063458
6.2473396169
-6.50172251801
-1.88978324572
4.69285327884
-9.14291204446
18.5569700392
-0.65335753176
-17.8498985801
-0.113461382608
3.41229464759
-1.61413973808
12.364608824
21.4158922418
-4.72795522071
16.6069289354
11.0231023102
3.17566598116
-22.2479873796
23.5980286618
14.7187306148
-7.06294504616
-28.2209086951
27.7563759808
8.48606191283
-7.26549413735
-5.7239477006
1.48499243316
-11.2755905512
-13.3619706878
10.4052247435
-16.9545547292
-34.4810684356
7.24392212732
-1.38002501714
-5.50241298458
7.98292836704
19.1387105095
0.508438247372
17.4601617606
18.9796874335
8.80619686498
29.9060640852
41.9558471192
-8.55597629447
-16.3162685618
-41.2792235247
-13.4129423561
39.523485315
-11.0047081466
42.6744739624
26.7295614413
-35.3830072072
11.3505747126
-2.69468479604
-20.5156501737
-25.1320243737
-0.160203552749
9.31987115956
9.02441734773
32.4179420293
-21.8964449782
-4.9358974359
5.32932557688
3.74166666667
18.5393007243
13.1956694867
7.42188160335
-2.38731856379
39.3073762473
20.8714989415
-0.350241401919
-11.0476898905
33.4223378067
2.93253114977
2.22620483658
14.1346018261
-7.32988389903
16.005230856
10.877582668
4.73743430034
-12.4327109755
7.48198854451
1.38475828131
-16.1653278151
0.246811401981
6.85332813198
5.22832907153
-27.5969012681
-29.52724284
27.0893431605
0.466096091428
-20.2324428948
-2.4482779737
-1.03356446658
10.1193756232
-15.0496156274
18.5246504597
10.8502521437
-0.630361468531
19.8923941175
21.6714354446
-9.30206822511
8.89701898936
12.1930534111
-7.03027895498
24.2360506429
3.61782737287
7.23379290114
-7.56379058611
