SP500
4.43
4.86
5.11
4.67
4.54
4.46
3.55
3.25
3.58
5.11
6.19
5.92
5.81
5.18
4.24
5.2
5.58
5.31
5.24
5.38
4.84
5.51
5.61
4.32
4.25
4.27
4.22
4.88
6.08
6.1
7.07
8.12
8.46
6.68
8.43
9.87
9.56
6.85
9.06
10.08
9.27
9.12
9.3
8.37
7.48
9.33
9.57
7.21
7.85
8.83
7.11
7.3
8.9
8.83
10.58
12.65
13.4
17.53
24.86
21.71
15.98
8.3
7.09
10.54
9.26
13.76
17.59
11.31
12.5
12.3
10.55
8.93
10.09
11.85
13.49
18.02
15.21
14.83
15.36
16.88
21.21
24.19
26.18
25.46
35.6
44.15
45.43
41.12
55.62
58.03
59.72
69.07
65.06
76.45
86.12
93.32
84.45
95.04
102.04
90.31
93.49
103.3
118.42
96.11
72.56
96.86
103.81
90.25
99.71
110.87
132.97
117.28
144.27
166.39
171.61
208.19
264.51
250.48
285.41
339.97
325.49
416.08
437.5
475
455
612.5
762.5
